|6.6.6
sammon_2021_lower_crust_norm_1.tab
1
T(K)
200.00000000000011
200.00000000000011
-1145441034
11
T(K)           P(bar)         Pl             Pl             Cpx            Cpx            Opx            Gt             ky             qtz            coes
923.150        5000.00        61.6993                 NaN   11.6568                 NaN   24.7188                 NaN            NaN   1.92520                 NaN
925.170        5202.02        61.6553                 NaN   11.6888                 NaN   24.7208                 NaN            NaN   1.93520                 NaN
927.190        5404.04        61.6100                 NaN   11.7220                 NaN   24.7224                 NaN            NaN   1.94551                 NaN
929.211        5606.06        61.5628                 NaN   11.7567                 NaN   24.7241                 NaN            NaN   1.95636                 NaN
931.231        5808.08        61.5141                 NaN   11.7925                 NaN   24.7258                 NaN            NaN   1.96759                 NaN
933.251        6010.10        61.4631                 NaN   11.8301                 NaN   24.7274                 NaN            NaN   1.97942                 NaN
935.271        6212.12        61.4113                 NaN   11.8683                 NaN   24.7290                 NaN            NaN   1.99146                 NaN
937.291        6414.14        61.3576                 NaN   11.9079                 NaN   24.7305                 NaN            NaN   2.00401                 NaN
939.312        6616.16        61.3012                 NaN   11.9494                 NaN   24.7322                 NaN            NaN   2.01724                 NaN
941.332        6818.18        61.2421                 NaN   11.9929                 NaN   24.7338                 NaN            NaN   2.03116                 NaN
943.352        7020.20        61.1797                 NaN   12.0388                 NaN   24.7356                 NaN            NaN   2.04596                 NaN
945.372        7222.22        61.1172                 NaN   12.0852                 NaN   24.7368                 NaN            NaN   2.06076                 NaN
947.392        7424.24        61.0520                 NaN   12.1333                 NaN   24.7385                 NaN            NaN   2.07628                 NaN
949.413        7626.26        60.9826                 NaN   12.1845                 NaN   24.7401                 NaN            NaN   2.09286                 NaN
951.433        7828.28        60.9125                 NaN   12.2365                 NaN   24.7414                 NaN            NaN   2.10961                 NaN
953.453        8030.30        60.8384                 NaN   12.2913                 NaN   24.7429                 NaN            NaN   2.12739                 NaN
955.473        8232.32        60.7600                 NaN   12.3491                 NaN   24.7446                 NaN            NaN   2.14628                 NaN
957.493        8434.34        60.6800                 NaN   12.4085                 NaN   24.7459                 NaN            NaN   2.16557                 NaN
959.514        8636.36        58.6764                 NaN   13.5987                 NaN   22.4969        2.51738                 NaN   2.71062                 NaN
961.534        8838.38        53.8641                 NaN   16.4303                 NaN   16.9612        8.72181                 NaN   4.02256                 NaN
963.554        9040.40        49.2171                 NaN   19.1763                 NaN   11.6432        14.6763                 NaN   5.28717                 NaN
965.574        9242.42        45.2120                 NaN   21.5716                 NaN   7.13290        19.7103                 NaN   6.37327                 NaN
967.594        9444.44        40.7073                 NaN   24.2396                 NaN   2.01338        25.4437                 NaN   7.59600                 NaN
969.615        9646.46        38.7821                 NaN   25.3056                 NaN            NaN   27.7977                 NaN   8.11464                 NaN
971.635        9848.48        38.5227                 NaN   25.2970                 NaN            NaN   28.0005                 NaN   8.17977                 NaN
973.655        10050.5        38.2664                 NaN   25.2906                 NaN            NaN   28.1990                 NaN   8.24404                 NaN
975.675        10252.5        37.9981                 NaN   25.2847                 NaN            NaN   28.4058                 NaN   8.31146                 NaN
977.695        10454.5        37.7214                 NaN   25.2782                 NaN            NaN   28.6193                 NaN   8.38105                 NaN
979.716        10656.6        37.4097                 NaN   25.2714                 NaN            NaN   28.8590                 NaN   8.45985                 NaN
981.736        10858.6        37.1185                 NaN   25.2666                 NaN            NaN   29.0817                 NaN   8.53323                 NaN
983.756        11060.6        36.7994                 NaN   25.2612                 NaN            NaN   29.3255                 NaN   8.61390                 NaN
985.776        11262.6        36.4730                 NaN   25.2574                 NaN            NaN   29.5731                 NaN   8.69647                 NaN
987.796        11464.6        36.1313                 NaN   25.2547                 NaN            NaN   29.8310                 NaN   8.78300                 NaN
989.817        11666.7        35.7702                 NaN   25.2561                 NaN            NaN   30.0991                 NaN   8.87456                 NaN
991.837        11868.7        35.3842                 NaN   25.2587                 NaN            NaN   30.3845                 NaN   8.97262                 NaN
993.857        12070.7        34.9906                 NaN   25.2662                 NaN            NaN   30.6706                 NaN   9.07260                 NaN
995.877        12272.7        33.3992                 NaN   26.3911                 NaN            NaN   30.3880       0.688474        9.13326                 NaN
997.897        12474.7        31.1414                 NaN   28.2181                 NaN            NaN   29.7436        1.69093        9.20597                 NaN
999.918        12676.8        28.9871                 NaN   29.9684                 NaN            NaN   29.1339        2.62344        9.28715                 NaN
1001.94        12878.8        25.9474                 NaN   32.4596                 NaN            NaN   28.1829        4.07517        9.33492                 NaN
1003.96        13080.8        24.2789                 NaN   33.8115                 NaN            NaN   27.7677        4.69213        9.44979                 NaN
1005.98        13282.8        22.9500                 NaN   34.8774                 NaN            NaN   27.5055        5.06918        9.59785                 NaN
1008.00        13484.8        21.2959                 NaN   36.2225                 NaN            NaN   27.1236        5.61208        9.74596                 NaN
1010.02        13686.9        19.9986                 NaN   37.2517                 NaN            NaN   26.9291        5.88023        9.94036                 NaN
1012.04        13888.9        18.1788                 NaN   38.7645                 NaN            NaN   26.4588        6.51186        10.0861                 NaN
1014.06        14090.9        16.7174                 NaN   39.9503                 NaN            NaN   26.2029        6.83468        10.2947                 NaN
1016.08        14292.9        15.2283                 NaN   41.1492                 NaN            NaN   25.9788        7.10917        10.5346                 NaN
1018.10        14494.9        13.6670                 NaN   42.4005                 NaN            NaN   25.7701        7.35546        10.8069                 NaN
1020.12        14697.0        12.0094                 NaN   43.7239                 NaN            NaN   25.5722        7.57990        11.1146                 NaN
1022.14        14899.0        10.2232                 NaN   45.1401                 NaN            NaN   25.3882        7.78277        11.4658                 NaN
1024.16        15101.0        8.23946                 NaN   46.6992                 NaN            NaN   25.2190        7.96447        11.8779                 NaN
1026.18        15303.0        5.81399                 NaN   48.5508                 NaN            NaN   25.1160        8.08646        12.4327                 NaN
1028.20        15505.1        3.46892                 NaN   50.3912                 NaN            NaN   24.9364        8.26570        12.9379                 NaN
1030.22        15707.1        1.03936                 NaN   52.2984                 NaN            NaN   24.7576        8.43595        13.4687                 NaN
1032.24        15909.1                 NaN            NaN   53.0753                 NaN            NaN   24.7366        8.47962        13.7085                 NaN
1034.26        16111.1                 NaN            NaN   53.0174                 NaN            NaN   24.8090        8.45696        13.7167                 NaN
1036.28        16313.1                 NaN            NaN   52.9596                 NaN            NaN   24.8880        8.42105        13.7313                 NaN
1038.30        16515.2                 NaN            NaN   52.8961                 NaN            NaN   24.9670        8.39637        13.7405                 NaN
1040.32        16717.2                 NaN            NaN   52.8350                 NaN            NaN   25.0460        8.36706        13.7520                 NaN
1042.34        16919.2                 NaN            NaN   52.7731                 NaN            NaN   25.1264        8.33635        13.7642                 NaN
1044.36        17121.2                 NaN            NaN   52.7102                 NaN            NaN   25.2079        8.30523        13.7766                 NaN
1046.38        17323.2                 NaN            NaN   52.6470                 NaN            NaN   25.2895        8.27483        13.7887                 NaN
1048.40        17525.3                 NaN            NaN   52.5851                 NaN            NaN   25.3698        8.24433        13.8008                 NaN
1050.42        17727.3                 NaN            NaN   52.5192                 NaN            NaN   25.4553        8.21131        13.8142                 NaN
1052.44        17929.3                 NaN            NaN   52.4522                 NaN            NaN   25.5419        8.17830        13.8276                 NaN
1054.46        18131.3                 NaN            NaN   52.3957                 NaN            NaN   25.6174        8.14661        13.8403                 NaN
1056.48        18333.3                 NaN            NaN   52.3314                 NaN            NaN   25.7020        8.11227        13.8543                 NaN
1058.50        18535.4                 NaN            NaN   52.2568                 NaN            NaN   25.7944        8.08239        13.8664                 NaN
1060.52        18737.4                 NaN            NaN   52.1900                 NaN            NaN   25.8822        8.04668        13.8811                 NaN
1062.54        18939.4                 NaN            NaN   52.1257                 NaN            NaN   25.9662        8.01335        13.8947                 NaN
1064.56        19141.4                 NaN            NaN   52.0547                 NaN            NaN   26.0565        7.98068        13.9081                 NaN
1066.58        19343.4                 NaN            NaN   51.9740                 NaN            NaN   26.1597        7.94169        13.9247                 NaN
1068.60        19545.5                 NaN            NaN   51.9163                 NaN            NaN   26.2334        7.91552        13.9347                 NaN
1070.62        19747.5                 NaN            NaN   51.8460                 NaN            NaN   26.3235        7.88186        13.9486                 NaN
1072.64        19949.5                 NaN            NaN   51.7780                 NaN            NaN   26.4115        7.84798        13.9626                 NaN
1074.67        20151.5                 NaN            NaN   51.7020                 NaN            NaN   26.5115        7.80602        13.9805                 NaN
1076.69        20353.5                 NaN            NaN   51.6468                 NaN            NaN   26.5785        7.78796        13.9867                 NaN
1078.71        20555.6                 NaN            NaN   51.5523                 NaN            NaN   26.7022        7.73548        14.0100                 NaN
1080.73        20757.6                 NaN            NaN   51.4796                 NaN            NaN   26.7942        7.70273        14.0235                 NaN
1082.75        20959.6                 NaN            NaN   51.4107                 NaN            NaN   26.8864        7.66227        14.0407                 NaN
1084.77        21161.6                 NaN            NaN   51.3305                 NaN            NaN   26.9854        7.63013        14.0540                 NaN
1086.79        21363.6                 NaN            NaN   51.2595                 NaN            NaN   27.0782        7.59232        14.0699                 NaN
1088.81        21565.7                 NaN            NaN   51.1805                 NaN            NaN   27.1810        7.55048        14.0879                 NaN
1090.83        21767.7                 NaN            NaN   51.1057                 NaN            NaN   27.2755        7.51685        14.1019                 NaN
1092.85        21969.7                 NaN            NaN   51.0283                 NaN            NaN   27.3747        7.47914        14.1179                 NaN
1094.87        22171.7                 NaN            NaN   50.9433                 NaN            NaN   27.4803        7.44331        14.1331                 NaN
1096.89        22373.7                 NaN            NaN   50.8820                 NaN            NaN   27.5608        7.41084        14.1463                 NaN
1098.91        22575.8                 NaN            NaN   50.7893                 NaN            NaN   27.6775        7.36839        14.1649                 NaN
1100.93        22777.8                 NaN            NaN   50.7069                 NaN            NaN   27.7826        7.32840        14.1820                 NaN
1102.95        22979.8                 NaN            NaN   50.6162                 NaN            NaN   27.9049        7.27134        14.2076                 NaN
1104.97        23181.8                 NaN            NaN   50.5468                 NaN            NaN   27.9874        7.25034        14.2154                 NaN
1106.99        23383.8                 NaN            NaN   50.4632                 NaN            NaN   28.0936        7.21083        14.2324                 NaN
1109.01        23585.9                 NaN            NaN   50.3836                 NaN            NaN   28.1953        7.17215        14.2489                 NaN
1111.03        23787.9                 NaN            NaN   50.3012                 NaN            NaN   28.3019        7.12950        14.2674                 NaN
1113.05        23989.9                 NaN            NaN   50.2052                 NaN            NaN   28.4243        7.08217        14.2883                 NaN
1115.07        24191.9                 NaN            NaN   50.1254                 NaN            NaN   28.5237        7.04858        14.3024                 NaN
1117.09        24393.9                 NaN            NaN   50.0464                 NaN            NaN   28.6263        7.00686        14.3204                 NaN
1119.11        24596.0                 NaN            NaN   49.9536                 NaN            NaN   28.7426        6.96531        14.3385                 NaN
1121.13        24798.0                 NaN            NaN   49.8697                 NaN            NaN   28.8492        6.92534        14.3557                 NaN
1123.15        25000.0                 NaN            NaN   49.7835                 NaN            NaN   28.9587        6.88426        14.3735                 NaN
