|6.6.6
sammon_2021_lower_crust_modified_1.tab
1
T(K)
200.00000000000011
200.00000000000011
1287898358
11
T(K)           P(bar)         Pl             Pl             Cpx            Cpx            Opx            Gt             ky             qtz            coes
923.150        5000.00        61.2374                 NaN   11.5519                 NaN   22.1013                 NaN            NaN   5.10935                 NaN
925.170        5202.02        61.1965                 NaN   11.5826                 NaN   22.1033                 NaN            NaN   5.11759                 NaN
927.190        5404.04        61.1545                 NaN   11.6144                 NaN   22.1049                 NaN            NaN   5.12618                 NaN
929.211        5606.06        61.1105                 NaN   11.6476                 NaN   22.1066                 NaN            NaN   5.13533                 NaN
931.231        5808.08        61.0651                 NaN   11.6819                 NaN   22.1081                 NaN            NaN   5.14488                 NaN
933.251        6010.10        61.0176                 NaN   11.7178                 NaN   22.1096                 NaN            NaN   5.15503                 NaN
935.271        6212.12        60.9692                 NaN   11.7542                 NaN   22.1111                 NaN            NaN   5.16542                 NaN
937.291        6414.14        60.9192                 NaN   11.7919                 NaN   22.1126                 NaN            NaN   5.17630                 NaN
939.312        6616.16        60.8664                 NaN   11.8316                 NaN   22.1141                 NaN            NaN   5.18792                 NaN
941.332        6818.18        60.8111                 NaN   11.8731                 NaN   22.1156                 NaN            NaN   5.20020                 NaN
943.352        7020.20        60.7527                 NaN   11.9168                 NaN   22.1172                 NaN            NaN   5.21335                 NaN
945.372        7222.22        60.6942                 NaN   11.9610                 NaN   22.1183                 NaN            NaN   5.22651                 NaN
947.392        7424.24        60.6331                 NaN   12.0068                 NaN   22.1198                 NaN            NaN   5.24039                 NaN
949.413        7626.26        60.5682                 NaN   12.0554                 NaN   22.1212                 NaN            NaN   5.25529                 NaN
951.433        7828.28        60.5025                 NaN   12.1048                 NaN   22.1223                 NaN            NaN   5.27039                 NaN
953.453        8030.30        60.4331                 NaN   12.1568                 NaN   22.1236                 NaN            NaN   5.28647                 NaN
955.473        8232.32        60.3591                 NaN   12.2123                 NaN   22.1248                 NaN            NaN   5.30379                 NaN
957.493        8434.34        60.2845                 NaN   12.2681                 NaN   22.1261                 NaN            NaN   5.32126                 NaN
959.514        8636.36        58.0321                 NaN   13.6022                 NaN   19.5660        2.84756                 NaN   5.95221                 NaN
961.534        8838.38        53.8220                 NaN   16.0922                 NaN   14.7253        8.22806                 NaN   7.13239                 NaN
963.554        9040.40        49.2542                 NaN   18.7704                 NaN   9.44667        14.1150                 NaN   8.41370                 NaN
965.574        9242.42        45.2771                 NaN   21.1343                 NaN   4.92443        19.1398                 NaN   9.52436                 NaN
967.594        9444.44        41.1212                 NaN   23.5946                 NaN  0.186610        24.4127                 NaN   10.6849                 NaN
969.615        9646.46        40.7421                 NaN   23.6877                 NaN            NaN   24.7851                 NaN   10.7850                 NaN
971.635        9848.48        40.5038                 NaN   23.6801                 NaN            NaN   24.9705                 NaN   10.8456                 NaN
973.655        10050.5        40.2709                 NaN   23.6740                 NaN            NaN   25.1504                 NaN   10.9046                 NaN
975.675        10252.5        40.0248                 NaN   23.6685                 NaN            NaN   25.3395                 NaN   10.9673                 NaN
977.695        10454.5        39.7703                 NaN   23.6620                 NaN            NaN   25.5356                 NaN   11.0321                 NaN
979.716        10656.6        39.4839                 NaN   23.6545                 NaN            NaN   25.7560                 NaN   11.1056                 NaN
981.736        10858.6        39.2162                 NaN   23.6494                 NaN            NaN   25.9604                 NaN   11.1740                 NaN
983.756        11060.6        38.9228                 NaN   23.6428                 NaN            NaN   26.1851                 NaN   11.2493                 NaN
985.776        11262.6        38.6224                 NaN   23.6384                 NaN            NaN   26.4127                 NaN   11.3265                 NaN
987.796        11464.6        38.3062                 NaN   23.6335                 NaN            NaN   26.6524                 NaN   11.4079                 NaN
989.817        11666.7        37.9719                 NaN   23.6305                 NaN            NaN   26.9036                 NaN   11.4941                 NaN
991.837        11868.7        37.6184                 NaN   23.6308                 NaN            NaN   27.1654                 NaN   11.5854                 NaN
993.857        12070.7        37.2549                 NaN   23.6325                 NaN            NaN   27.4332                 NaN   11.6794                 NaN
995.877        12272.7        34.6746                 NaN   25.6638                 NaN            NaN   26.6883        1.24293        11.7304                 NaN
997.897        12474.7        31.5951                 NaN   28.1556                 NaN            NaN   25.7144        2.76043        11.7745                 NaN
999.918        12676.8        30.2428                 NaN   29.2319                 NaN            NaN   25.4139        3.21298        11.8984                 NaN
1001.94        12878.8        26.4367                 NaN   32.3572                 NaN            NaN   24.1519        5.11299        11.9412                 NaN
1003.96        13080.8        24.5285                 NaN   33.9037                 NaN            NaN   23.6419        5.86517        12.0607                 NaN
1005.98        13282.8        23.1923                 NaN   34.9709                 NaN            NaN   23.3785        6.23842        12.2199                 NaN
1008.00        13484.8        21.3983                 NaN   36.4234                 NaN            NaN   22.9469        6.85333        12.3780                 NaN
1010.02        13686.9        20.0432                 NaN   37.4956                 NaN            NaN   22.7326        7.14680        12.5818                 NaN
1012.04        13888.9        18.0744                 NaN   39.1232                 NaN            NaN   22.2103        7.85225        12.7399                 NaN
1014.06        14090.9        16.5285                 NaN   40.3689                 NaN            NaN   21.9315        8.20992        12.9611                 NaN
1016.08        14292.9        14.9799                 NaN   41.6082                 NaN            NaN   21.6926        8.50532        13.2140                 NaN
1018.10        14494.9        13.3611                 NaN   42.8984                 NaN            NaN   21.4703        8.76966        13.5006                 NaN
1020.12        14697.0        11.6515                 NaN   44.2531                 NaN            NaN   21.2643        9.00692        13.8242                 NaN
1022.14        14899.0        9.81453                 NaN   45.6981                 NaN            NaN   21.0746        9.21988        14.1930                 NaN
1024.16        15101.0        7.77975                 NaN   47.2844                 NaN            NaN   20.9016        9.40933        14.6250                 NaN
1026.18        15303.0        5.49565                 NaN   49.0352                 NaN            NaN   20.7695        9.55677        15.1428                 NaN
1028.20        15505.1        3.11097                 NaN   50.9005                 NaN            NaN   20.5760        9.74789        15.6646                 NaN
1030.22        15707.1       0.505681                 NaN   52.9019                 NaN            NaN   20.4302        9.89788        16.2643                 NaN
1032.24        15909.1                 NaN            NaN   53.2487                 NaN            NaN   20.4605        9.89956        16.3913                 NaN
1034.26        16111.1                 NaN            NaN   53.1938                 NaN            NaN   20.5289        9.87964        16.3976                 NaN
1036.28        16313.1                 NaN            NaN   53.1434                 NaN            NaN   20.5998        9.84637        16.4104                 NaN
1038.30        16515.2                 NaN            NaN   53.0883                 NaN            NaN   20.6687        9.82604        16.4169                 NaN
1040.32        16717.2                 NaN            NaN   53.0395                 NaN            NaN   20.7333        9.80192        16.4253                 NaN
1042.34        16919.2                 NaN            NaN   52.9802                 NaN            NaN   20.8109        9.77263        16.4363                 NaN
1044.36        17121.2                 NaN            NaN   52.9223                 NaN            NaN   20.8869        9.74366        16.4471                 NaN
1046.38        17323.2                 NaN            NaN   52.8662                 NaN            NaN   20.9604        9.71613        16.4573                 NaN
1048.40        17525.3                 NaN            NaN   52.8107                 NaN            NaN   21.0336        9.68797        16.4677                 NaN
1050.42        17727.3                 NaN            NaN   52.7564                 NaN            NaN   21.1054        9.66015        16.4780                 NaN
1052.44        17929.3                 NaN            NaN   52.6958                 NaN            NaN   21.1844        9.63070        16.4892                 NaN
1054.46        18131.3                 NaN            NaN   52.6351                 NaN            NaN   21.2656        9.59667        16.5026                 NaN
1056.48        18333.3                 NaN            NaN   52.5754                 NaN            NaN   21.3450        9.56447        16.5151                 NaN
1058.50        18535.4                 NaN            NaN   52.5187                 NaN            NaN   21.4166        9.54170        16.5230                 NaN
1060.52        18737.4                 NaN            NaN   52.4576                 NaN            NaN   21.4980        9.50826        16.5362                 NaN
1062.54        18939.4                 NaN            NaN   52.3985                 NaN            NaN   21.5762        9.47711        16.5482                 NaN
1064.56        19141.4                 NaN            NaN   52.3369                 NaN            NaN   21.6551        9.44915        16.5588                 NaN
1066.58        19343.4                 NaN            NaN   52.2614                 NaN            NaN   21.7515        9.41421        16.5729                 NaN
1068.60        19545.5                 NaN            NaN   52.2036                 NaN            NaN   21.8267        9.38621        16.5835                 NaN
1070.62        19747.5                 NaN            NaN   52.1459                 NaN            NaN   21.9018        9.35830        16.5940                 NaN
1072.64        19949.5                 NaN            NaN   52.0783                 NaN            NaN   21.9895        9.32490        16.6073                 NaN
1074.67        20151.5                 NaN            NaN   52.0167                 NaN            NaN   22.0730        9.28820        16.6221                 NaN
1076.69        20353.5                 NaN            NaN   51.9516                 NaN            NaN   22.1518        9.26704        16.6295                 NaN
1078.71        20555.6                 NaN            NaN   51.8810                 NaN            NaN   22.2478        9.22319        16.6480                 NaN
1080.73        20757.6                 NaN            NaN   51.8140                 NaN            NaN   22.3332        9.19320        16.6597                 NaN
1082.75        20959.6                 NaN            NaN   51.7408                 NaN            NaN   22.4307        9.15129        16.6772                 NaN
1084.77        21161.6                 NaN            NaN   51.6772                 NaN            NaN   22.5099        9.12649        16.6864                 NaN
1086.79        21363.6                 NaN            NaN   51.6067                 NaN            NaN   22.6027        9.08858        16.7020                 NaN
1088.81        21565.7                 NaN            NaN   51.5405                 NaN            NaN   22.6906        9.05204        16.7169                 NaN
1090.83        21767.7                 NaN            NaN   51.4650                 NaN            NaN   22.7863        9.01803        16.7307                 NaN
1092.85        21969.7                 NaN            NaN   51.3936                 NaN            NaN   22.8787        8.98256        16.7451                 NaN
1094.87        22171.7                 NaN            NaN   51.3227                 NaN            NaN   22.9675        8.95317        16.7567                 NaN
1096.89        22373.7                 NaN            NaN   51.2468                 NaN            NaN   23.0654        8.91562        16.7722                 NaN
1098.91        22575.8                 NaN            NaN   51.1738                 NaN            NaN   23.1593        8.88020        16.7867                 NaN
1100.93        22777.8                 NaN            NaN   51.1031                 NaN            NaN   23.2505        8.84563        16.8008                 NaN
1102.95        22979.8                 NaN            NaN   51.0245                 NaN            NaN   23.3512        8.80780        16.8165                 NaN
1104.97        23181.8                 NaN            NaN   50.9533                 NaN            NaN   23.4435        8.77197        16.8312                 NaN
1106.99        23383.8                 NaN            NaN   50.8741                 NaN            NaN   23.5451        8.73378        16.8471                 NaN
1109.01        23585.9                 NaN            NaN   50.7940                 NaN            NaN   23.6480        8.69441        16.8636                 NaN
1111.03        23787.9                 NaN            NaN   50.7204                 NaN            NaN   23.7443        8.65548        16.8798                 NaN
1113.05        23989.9                 NaN            NaN   50.6387                 NaN            NaN   23.8500        8.61383        16.8975                 NaN
1115.07        24191.9                 NaN            NaN   50.5595                 NaN            NaN   23.9488        8.58071        16.9110                 NaN
1117.09        24393.9                 NaN            NaN   50.4902                 NaN            NaN   24.0404        8.54266        16.9268                 NaN
1119.11        24596.0                 NaN            NaN   50.3987                 NaN            NaN   24.1548        8.50276        16.9437                 NaN
1121.13        24798.0                 NaN            NaN   50.3215                 NaN            NaN   24.2539        8.46530        16.9593                 NaN
1123.15        25000.0                 NaN            NaN   50.2350                 NaN            NaN   24.3643        8.42362        16.9771                 NaN
