|6.6.6
hacker_2015_fast_Vp_1.tab
1
T(K)
200.00000000000011
200.00000000000011
873764086
13
T(K) P(bar) Pl Pl Cpx Cpx Gt ky qtz coes Opx Sp O
923.150 5000.00 62.6569 NaN 14.0882 NaN NaN NaN NaN NaN 17.9189 NaN 5.33600
925.170 5202.02 62.5955 NaN 14.1338 NaN NaN NaN NaN NaN 17.9637 NaN 5.30703
927.190 5404.04 62.5314 NaN 14.1817 NaN NaN NaN NaN NaN 18.0103 NaN 5.27666
929.211 5606.06 62.4638 NaN 14.2321 NaN NaN NaN NaN NaN 18.0595 NaN 5.24456
931.231 5808.08 62.3932 NaN 14.2849 NaN NaN NaN NaN NaN 18.1110 NaN 5.21094
933.251 6010.10 62.3181 NaN 14.3412 NaN NaN NaN NaN NaN 18.1657 NaN 5.17504
935.271 6212.12 62.2418 NaN 14.3984 NaN NaN NaN NaN NaN 18.2213 NaN 5.13854
937.291 6414.14 62.1616 NaN 14.4585 NaN NaN NaN NaN NaN 18.2798 NaN 5.10009
939.312 6616.16 62.0727 NaN 14.5249 NaN NaN NaN NaN NaN 18.3451 NaN 5.05724
941.332 6818.18 61.9843 NaN 14.5914 NaN NaN NaN NaN NaN 18.4097 NaN 5.01462
943.352 7020.20 58.5631 NaN 16.7012 NaN 4.39365 NaN NaN NaN 17.1362 NaN 3.20588
945.372 7222.22 52.5031 NaN 20.4385 NaN 12.3373 NaN NaN NaN 14.7212 NaN NaN
947.392 7424.24 52.5010 NaN 20.4358 NaN 12.3712 NaN NaN NaN 14.6920 NaN NaN
949.413 7626.26 52.4990 NaN 20.4328 NaN 12.4076 NaN NaN NaN 14.6606 NaN NaN
951.433 7828.28 52.4971 NaN 20.4293 NaN 12.4449 NaN NaN NaN 14.6287 NaN NaN
953.453 8030.30 52.4951 NaN 20.4266 NaN 12.4791 NaN NaN NaN 14.5993 NaN NaN
955.473 8232.32 52.0281 NaN 20.7042 NaN 13.1099 NaN 0.121626 NaN 14.0363 NaN NaN
957.493 8434.34 47.9650 NaN 23.1740 NaN 18.2693 NaN 1.18213 NaN 9.40962 NaN NaN
959.514 8636.36 43.7477 NaN 25.7301 NaN 23.6340 NaN 2.28221 NaN 4.60598 NaN NaN
961.534 8838.38 39.6894 NaN 28.1866 NaN 28.7843 NaN 3.33983 NaN NaN NaN NaN
963.554 9040.40 39.4372 NaN 28.1791 NaN 28.9817 NaN 3.40203 NaN NaN NaN NaN
965.574 9242.42 39.1824 NaN 28.1694 NaN 29.1833 NaN 3.46485 NaN NaN NaN NaN
967.594 9444.44 38.9086 NaN 28.1630 NaN 29.3959 NaN 3.53249 NaN NaN NaN NaN
969.615 9646.46 38.6420 NaN 28.1572 NaN 29.6025 NaN 3.59828 NaN NaN NaN NaN
971.635 9848.48 38.3501 NaN 28.1486 NaN 29.8308 NaN 3.67046 NaN NaN NaN NaN
973.655 10050.5 38.0553 NaN 28.1420 NaN 30.0593 NaN 3.74334 NaN NaN NaN NaN
975.675 10252.5 37.7483 NaN 28.1352 NaN 30.2972 NaN 3.81930 NaN NaN NaN NaN
977.695 10454.5 37.4339 NaN 28.1306 NaN 30.5384 NaN 3.89708 NaN NaN NaN NaN
979.716 10656.6 37.0761 NaN 28.1224 NaN 30.8156 NaN 3.98588 NaN NaN NaN NaN
981.736 10858.6 36.7461 NaN 28.1217 NaN 31.0647 NaN 4.06752 NaN NaN NaN NaN
983.756 11060.6 36.3815 NaN 28.1156 NaN 31.3450 NaN 4.15793 NaN NaN NaN NaN
985.776 11262.6 36.0123 NaN 28.1181 NaN 31.6202 NaN 4.24943 NaN NaN NaN NaN
987.796 11464.6 35.6235 NaN 28.1196 NaN 31.9111 NaN 4.34586 NaN NaN NaN NaN
989.817 11666.7 35.2130 NaN 28.1256 NaN 32.2137 NaN 4.44770 NaN NaN NaN NaN
991.837 11868.7 34.7711 NaN 28.1378 NaN 32.5336 NaN 4.55742 NaN NaN NaN NaN
993.857 12070.7 34.3108 NaN 28.1505 NaN 32.8670 NaN 4.67177 NaN NaN NaN NaN
995.877 12272.7 33.8477 NaN 28.1726 NaN 33.1930 NaN 4.78668 NaN NaN NaN NaN
997.897 12474.7 33.3705 NaN 28.2004 NaN 33.5240 NaN 4.90508 NaN NaN NaN NaN
999.918 12676.8 32.8062 NaN 28.2478 NaN 33.9006 NaN 5.04535 NaN NaN NaN NaN
1001.94 12878.8 32.3002 NaN 28.2960 NaN 34.2331 NaN 5.17078 NaN NaN NaN NaN
1003.96 13080.8 31.7158 NaN 28.3616 NaN 34.6068 NaN 5.31588 NaN NaN NaN NaN
1005.98 13282.8 31.0800 NaN 28.4638 NaN 34.9825 NaN 5.47367 NaN NaN NaN NaN
1008.00 13484.8 30.4527 NaN 28.5726 NaN 35.3456 NaN 5.62918 NaN NaN NaN NaN
1010.02 13686.9 29.4963 NaN 29.0040 NaN 35.5639 0.140676 5.79515 NaN NaN NaN NaN
1012.04 13888.9 27.5885 NaN 30.5847 NaN 35.1053 0.774920 5.94663 NaN NaN NaN NaN
1014.06 14090.9 25.4000 NaN 32.4203 NaN 34.5313 1.55325 6.09511 NaN NaN NaN NaN
1016.08 14292.9 23.4640 NaN 34.0549 NaN 34.0757 2.11643 6.28895 NaN NaN NaN NaN
1018.10 14494.9 21.5334 NaN 35.6941 NaN 33.6467 2.60910 6.51674 NaN NaN NaN NaN
1020.12 14697.0 19.5740 NaN 37.3585 NaN 33.2441 3.04166 6.78168 NaN NaN NaN NaN
1022.14 14899.0 17.5287 NaN 39.0904 NaN 32.8624 3.42696 7.09150 NaN NaN NaN NaN
1024.16 15101.0 15.3282 NaN 40.9407 NaN 32.5032 3.76409 7.46379 NaN NaN NaN NaN
1026.18 15303.0 12.9482 NaN 42.8985 NaN 32.2110 4.02197 7.92028 NaN NaN NaN NaN
1028.20 15505.1 10.4389 NaN 45.0337 NaN 31.7886 4.38169 8.35704 NaN NaN NaN NaN
1030.22 15707.1 7.48588 NaN 47.4303 NaN 31.5001 4.61783 8.96595 NaN NaN NaN NaN
1032.24 15909.1 4.22768 NaN 50.0711 NaN 31.1992 4.85002 9.65200 NaN NaN NaN NaN
1034.26 16111.1 1.03388 NaN 52.7204 NaN 30.8229 5.12055 10.3023 NaN NaN NaN NaN
1036.28 16313.1 NaN NaN 53.4861 NaN 30.8217 5.15340 10.5387 NaN NaN NaN NaN
1038.30 16515.2 NaN NaN 53.3969 NaN 30.9346 5.11109 10.5575 NaN NaN NaN NaN
1040.32 16717.2 NaN NaN 53.3128 NaN 31.0382 5.07690 10.5722 NaN NaN NaN NaN
1042.34 16919.2 NaN NaN 53.2293 NaN 31.1432 5.03857 10.5889 NaN NaN NaN NaN
1044.36 17121.2 NaN NaN 53.1399 NaN 31.2552 4.99810 10.6067 NaN NaN NaN NaN
1046.38 17323.2 NaN NaN 53.0532 NaN 31.3639 4.95885 10.6240 NaN NaN NaN NaN
1048.40 17525.3 NaN NaN 52.9607 NaN 31.4798 4.91682 10.6426 NaN NaN NaN NaN
1050.42 17727.3 NaN NaN 52.8775 NaN 31.5844 4.87895 10.6592 NaN NaN NaN NaN
1052.44 17929.3 NaN NaN 52.7859 NaN 31.6990 4.83753 10.6775 NaN NaN NaN NaN
1054.46 18131.3 NaN NaN 52.7005 NaN 31.8080 4.79522 10.6963 NaN NaN NaN NaN
1056.48 18333.3 NaN NaN 52.6103 NaN 31.9225 4.75129 10.7159 NaN NaN NaN NaN
1058.50 18535.4 NaN NaN 52.5192 NaN 32.0337 4.71582 10.7313 NaN NaN NaN NaN
1060.52 18737.4 NaN NaN 52.4264 NaN 32.1513 4.67079 10.7515 NaN NaN NaN NaN
1062.54 18939.4 NaN NaN 52.3344 NaN 32.2673 4.62744 10.7708 NaN NaN NaN NaN
1064.56 19141.4 NaN NaN 52.2431 NaN 32.3809 4.58778 10.7883 NaN NaN NaN NaN
1066.58 19343.4 NaN NaN 52.1432 NaN 32.5048 4.54430 10.8078 NaN NaN NaN NaN
1068.60 19545.5 NaN NaN 52.0517 NaN 32.6186 4.50409 10.8256 NaN NaN NaN NaN
1070.62 19747.5 NaN NaN 51.9592 NaN 32.7341 4.46287 10.8438 NaN NaN NaN NaN
1072.64 19949.5 NaN NaN 51.8627 NaN 32.8550 4.41870 10.8636 NaN NaN NaN NaN
1074.67 20151.5 NaN NaN 51.7585 NaN 32.9876 4.36641 10.8875 NaN NaN NaN NaN
1076.69 20353.5 NaN NaN 51.6787 NaN 33.0823 4.34129 10.8978 NaN NaN NaN NaN
1078.71 20555.6 NaN NaN 51.5799 NaN 33.2102 4.28780 10.9221 NaN NaN NaN NaN
1080.73 20757.6 NaN NaN 51.4808 NaN 33.3326 4.24545 10.9411 NaN NaN NaN NaN
1082.75 20959.6 NaN NaN 51.3873 NaN 33.4526 4.19738 10.9627 NaN NaN NaN NaN
1084.77 21161.6 NaN NaN 51.2748 NaN 33.5891 4.15365 10.9825 NaN NaN NaN NaN
1086.79 21363.6 NaN NaN 51.1868 NaN 33.7009 4.11071 11.0016 NaN NaN NaN NaN
1088.81 21565.7 NaN NaN 51.0885 NaN 33.8256 4.06274 11.0232 NaN NaN NaN NaN
1090.83 21767.7 NaN NaN 50.9913 NaN 33.9458 4.02096 11.0419 NaN NaN NaN NaN
1092.85 21969.7 NaN NaN 50.8896 NaN 34.0727 3.97508 11.0626 NaN NaN NaN NaN
1094.87 22171.7 NaN NaN 50.8013 NaN 34.1814 3.93901 11.0783 NaN NaN NaN NaN
1096.89 22373.7 NaN NaN 50.6860 NaN 34.3243 3.88816 11.1015 NaN NaN NaN NaN
1098.91 22575.8 NaN NaN 50.5878 NaN 34.4471 3.84364 11.1215 NaN NaN NaN NaN
1100.93 22777.8 NaN NaN 50.4830 NaN 34.5774 3.79707 11.1426 NaN NaN NaN NaN
1102.95 22979.8 NaN NaN 50.3824 NaN 34.7031 3.75131 11.1632 NaN NaN NaN NaN
1104.97 23181.8 NaN NaN 50.2777 NaN 34.8337 3.70411 11.1845 NaN NaN NaN NaN
1106.99 23383.8 NaN NaN 50.1719 NaN 34.9650 3.65751 11.2056 NaN NaN NaN NaN
1109.01 23585.9 NaN NaN 50.0726 NaN 35.0891 3.61243 11.2259 NaN NaN NaN NaN
1111.03 23787.9 NaN NaN 49.9710 NaN 35.2166 3.56511 11.2472 NaN NaN NaN NaN
1113.05 23989.9 NaN NaN 49.8680 NaN 35.3465 3.51597 11.2695 NaN NaN NaN NaN
1115.07 24191.9 NaN NaN 49.7705 NaN 35.4662 3.47599 11.2873 NaN NaN NaN NaN
1117.09 24393.9 NaN NaN 49.6585 NaN 35.6060 3.42500 11.3105 NaN NaN NaN NaN
1119.11 24596.0 NaN NaN 49.5508 NaN 35.7386 3.37946 11.3311 NaN NaN NaN NaN
1121.13 24798.0 NaN NaN 49.4500 NaN 35.8645 3.33406 11.3515 NaN NaN NaN NaN
1123.15 25000.0 NaN NaN 49.3426 NaN 35.9978 3.28651 11.3731 NaN NaN NaN NaN
