|6.6.6
hacker_2015_middle_crust_1.tab
1
T(K)
200.00000000000011
200.00000000000011
-1813768970
11
T(K)           P(bar)         Pl             Pl             Cpx            Cpx            Gt             ky             qtz            coes           Opx
923.150        5000.00        67.2604                 NaN   3.44703                 NaN            NaN            NaN   9.22872                 NaN   20.0639
925.170        5202.02        67.2422                 NaN   3.46066                 NaN            NaN            NaN   9.23009                 NaN   20.0671
927.190        5404.04        67.2233                 NaN   3.47523                 NaN            NaN            NaN   9.23174                 NaN   20.0698
929.211        5606.06        67.2033                 NaN   3.49042                 NaN            NaN            NaN   9.23377                 NaN   20.0725
931.231        5808.08        67.1825                 NaN   3.50618                 NaN            NaN            NaN   9.23608                 NaN   20.0753
933.251        6010.10        67.1605                 NaN   3.52289                 NaN            NaN            NaN   9.23880                 NaN   20.0779
935.271        6212.12        67.1379                 NaN   3.53992                 NaN            NaN            NaN   9.24172                 NaN   20.0805
937.291        6414.14        67.1144                 NaN   3.55763                 NaN            NaN            NaN   9.24496                 NaN   20.0830
939.312        6616.16        67.0895                 NaN   3.57625                 NaN            NaN            NaN   9.24863                 NaN   20.0856
941.332        6818.18        67.0632                 NaN   3.59580                 NaN            NaN            NaN   9.25274                 NaN   20.0883
943.352        7020.20        67.0354                 NaN   3.61642                 NaN            NaN            NaN   9.25729                 NaN   20.0909
945.372        7222.22        67.0071                 NaN   3.63776                 NaN            NaN            NaN   9.26203                 NaN   20.0932
947.392        7424.24        66.9777                 NaN   3.65945                 NaN            NaN            NaN   9.26710                 NaN   20.0958
949.413        7626.26        66.9460                 NaN   3.68300                 NaN            NaN            NaN   9.27281                 NaN   20.0981
951.433        7828.28        66.9142                 NaN   3.70682                 NaN            NaN            NaN   9.27862                 NaN   20.1004
953.453        8030.30        63.9805                 NaN   5.38944                 NaN   3.88163                 NaN   10.1529                 NaN   16.5955
955.473        8232.32        60.3142                 NaN   7.50397                 NaN   8.72702                 NaN   11.2447                 NaN   12.2101
957.493        8434.34        57.5312                 NaN   9.13370                 NaN   12.3553                 NaN   12.0700                 NaN   8.90974
959.514        8636.36        55.1806                 NaN   10.5183                 NaN   15.3909                 NaN   12.7651                 NaN   6.14501
961.534        8838.38        52.5017                 NaN   12.0817                 NaN   18.8781                 NaN   13.5580                 NaN   2.98048
963.554        9040.40        50.2603                 NaN   13.4048                 NaN   21.7620                 NaN   14.2192                 NaN  0.353710
965.574        9242.42        49.8318                 NaN   13.5654                 NaN   22.2625                 NaN   14.3403                 NaN            NaN
967.594        9444.44        49.6751                 NaN   13.5357                 NaN   22.4087                 NaN   14.3805                 NaN            NaN
969.615        9646.46        49.5250                 NaN   13.5093                 NaN   22.5468                 NaN   14.4189                 NaN            NaN
971.635        9848.48        49.3603                 NaN   13.4785                 NaN   22.6997                 NaN   14.4615                 NaN            NaN
973.655        10050.5        49.1946                 NaN   13.4484                 NaN   22.8527                 NaN   14.5043                 NaN            NaN
975.675        10252.5        49.0216                 NaN   13.4157                 NaN   23.0134                 NaN   14.5493                 NaN            NaN
977.695        10454.5        48.8483                 NaN   13.3875                 NaN   23.1700                 NaN   14.5943                 NaN            NaN
979.716        10656.6        48.6500                 NaN   13.3508                 NaN   23.3527                 NaN   14.6464                 NaN            NaN
981.736        10858.6        48.4669                 NaN   13.3199                 NaN   23.5189                 NaN   14.6942                 NaN            NaN
983.756        11060.6        48.2683                 NaN   13.2872                 NaN   23.6981                 NaN   14.7464                 NaN            NaN
985.776        11262.6        48.0655                 NaN   13.2530                 NaN   23.8817                 NaN   14.7999                 NaN            NaN
987.796        11464.6        47.8537                 NaN   13.2181                 NaN   24.0724                 NaN   14.8558                 NaN            NaN
989.817        11666.7        47.6352                 NaN   13.1888                 NaN   24.2625                 NaN   14.9135                 NaN            NaN
991.837        11868.7        47.3996                 NaN   13.1553                 NaN   24.4689                 NaN   14.9762                 NaN            NaN
993.857        12070.7        47.1571                 NaN   13.1235                 NaN   24.6787                 NaN   15.0407                 NaN            NaN
995.877        12272.7        46.9142                 NaN   13.0960                 NaN   24.8845                 NaN   15.1053                 NaN            NaN
997.897        12474.7        46.6657                 NaN   13.0701                 NaN   25.0928                 NaN   15.1714                 NaN            NaN
999.918        12676.8        46.3767                 NaN   13.0455                 NaN   25.3289                 NaN   15.2489                 NaN            NaN
1001.94        12878.8        46.1197                 NaN   13.0253                 NaN   25.5377                 NaN   15.3173                 NaN            NaN
1003.96        13080.8        45.8274                 NaN   13.0103                 NaN   25.7667                 NaN   15.3956                 NaN            NaN
1005.98        13282.8        45.5066                 NaN   13.0062                 NaN   26.0055                 NaN   15.4816                 NaN            NaN
1008.00        13484.8        45.1742                 NaN   13.0106                 NaN   26.2444                 NaN   15.5708                 NaN            NaN
1010.02        13686.9        44.8162                 NaN   13.0289                 NaN   26.4879                 NaN   15.6670                 NaN            NaN
1012.04        13888.9        44.4719                 NaN   13.0487                 NaN   26.7201                 NaN   15.7593                 NaN            NaN
1014.06        14090.9        44.1033                 NaN   13.0874                 NaN   26.9513                 NaN   15.8581                 NaN            NaN
1016.08        14292.9        43.6952                 NaN   13.1472                 NaN   27.1900                 NaN   15.9676                 NaN            NaN
1018.10        14494.9        42.6239                 NaN   13.9278                 NaN   27.0202       0.343307        16.0848                 NaN            NaN
1020.12        14697.0        41.1375                 NaN   15.1846                 NaN   26.6055       0.831772        16.2407                 NaN            NaN
1022.14        14899.0        39.6497                 NaN   16.4405                 NaN   26.1889        1.32774        16.3932                 NaN            NaN
1024.16        15101.0        38.1061                 NaN   17.7486                 NaN   25.8034        1.74001        16.6019                 NaN            NaN
1026.18        15303.0        36.4973                 NaN   19.1110                 NaN   25.4165        2.14241        16.8329                 NaN            NaN
1028.20        15505.1        34.7236                 NaN   20.6458                 NaN   24.9413        2.61733        17.0719                 NaN            NaN
1030.22        15707.1        32.9107                 NaN   22.1812                 NaN   24.5552        2.97137        17.3815                 NaN            NaN
1032.24        15909.1        30.7868                 NaN   23.9310                 NaN   24.2207        3.24782        17.8136                 NaN            NaN
1034.26        16111.1        28.7407                 NaN   25.6859                 NaN   23.7706        3.63264        18.1701                 NaN            NaN
1036.28        16313.1        25.6522                 NaN   28.1289                 NaN   23.4786        3.84547        18.8948                 NaN            NaN
1038.30        16515.2        23.6010                 NaN   29.9059                 NaN   23.0197        4.21264        19.2607                 NaN            NaN
1040.32        16717.2        20.7936                 NaN   32.1975                 NaN   22.6400        4.49548        19.8734                 NaN            NaN
1042.34        16919.2        17.4955                 NaN   34.8366                 NaN   22.2807        4.75837        20.6289                 NaN            NaN
1044.36        17121.2        13.9465                 NaN   37.6614                 NaN   21.9188        5.02138        21.4519                 NaN            NaN
1046.38        17323.2        9.89260                 NaN   40.8365                 NaN   21.5796        5.27501        22.4163                 NaN            NaN
1048.40        17525.3        5.20742                 NaN   44.4579                 NaN   21.2552        5.52693        23.5525                 NaN            NaN
1050.42        17727.3       0.392338                 NaN   48.1593                 NaN   20.9494        5.77187        24.7271                 NaN            NaN
1052.44        17929.3                 NaN            NaN   48.4342                 NaN   20.9605        5.78281        24.8225                 NaN            NaN
1054.46        18131.3                 NaN            NaN   48.4111                 NaN   20.9934        5.77376        24.8217                 NaN            NaN
1056.48        18333.3                 NaN            NaN   48.3819                 NaN   21.0329        5.76361        24.8216                 NaN            NaN
1058.50        18535.4                 NaN            NaN   48.3494                 NaN   21.0736        5.75710        24.8199                 NaN            NaN
1060.52        18737.4                 NaN            NaN   48.3264                 NaN   21.1055        5.74979        24.8183                 NaN            NaN
1062.54        18939.4                 NaN            NaN   48.3036                 NaN   21.1377        5.74133        24.8174                 NaN            NaN
1064.56        19141.4                 NaN            NaN   48.2739                 NaN   21.1764        5.73346        24.8163                 NaN            NaN
1066.58        19343.4                 NaN            NaN   48.2469                 NaN   21.2117        5.72679        24.8146                 NaN            NaN
1068.60        19545.5                 NaN            NaN   48.2169                 NaN   21.2518        5.71673        24.8146                 NaN            NaN
1070.62        19747.5                 NaN            NaN   48.1908                 NaN   21.2867        5.70904        24.8135                 NaN            NaN
1072.64        19949.5                 NaN            NaN   48.1618                 NaN   21.3253        5.69979        24.8131                 NaN            NaN
1074.67        20151.5                 NaN            NaN   48.1349                 NaN   21.3626        5.68892        24.8136                 NaN            NaN
1076.69        20353.5                 NaN            NaN   48.1069                 NaN   21.3967        5.68624        24.8101                 NaN            NaN
1078.71        20555.6                 NaN            NaN   48.0785                 NaN   21.4373        5.67192        24.8123                 NaN            NaN
1080.73        20757.6                 NaN            NaN   48.0530                 NaN   21.4712        5.66493        24.8109                 NaN            NaN
1082.75        20959.6                 NaN            NaN   48.0237                 NaN   21.5114        5.65295        24.8120                 NaN            NaN
1084.77        21161.6                 NaN            NaN   47.9938                 NaN   21.5497        5.64573        24.8108                 NaN            NaN
1086.79        21363.6                 NaN            NaN   47.9632                 NaN   21.5909        5.63407        24.8118                 NaN            NaN
1088.81        21565.7                 NaN            NaN   47.9364                 NaN   21.6270        5.62516        24.8115                 NaN            NaN
1090.83        21767.7                 NaN            NaN   47.9085                 NaN   21.6644        5.61552        24.8115                 NaN            NaN
1092.85        21969.7                 NaN            NaN   47.8822                 NaN   21.6996        5.60738        24.8109                 NaN            NaN
1094.87        22171.7                 NaN            NaN   47.8508                 NaN   21.7401        5.59840        24.8107                 NaN            NaN
1096.89        22373.7                 NaN            NaN   47.8189                 NaN   21.7824        5.58707        24.8117                 NaN            NaN
1098.91        22575.8                 NaN            NaN   47.7930                 NaN   21.8170        5.57888        24.8111                 NaN            NaN
1100.93        22777.8                 NaN            NaN   47.7642                 NaN   21.8554        5.56912        24.8113                 NaN            NaN
1102.95        22979.8                 NaN            NaN   47.7336                 NaN   21.8963        5.55788        24.8122                 NaN            NaN
1104.97        23181.8                 NaN            NaN   47.7036                 NaN   21.9361        5.54750        24.8128                 NaN            NaN
1106.99        23383.8                 NaN            NaN   47.6727                 NaN   21.9768        5.53710        24.8134                 NaN            NaN
1109.01        23585.9                 NaN            NaN   47.6460                 NaN   22.0125        5.52819        24.8133                 NaN            NaN
1111.03        23787.9                 NaN            NaN   47.6174                 NaN   22.0514        5.51690        24.8143                 NaN            NaN
1113.05        23989.9                 NaN            NaN   47.5890                 NaN   22.0901        5.50532        24.8155                 NaN            NaN
1115.07        24191.9                 NaN            NaN   47.5551                 NaN   22.1330        5.49628        24.8156                 NaN            NaN
1117.09        24393.9                 NaN            NaN   47.5261                 NaN   22.1720        5.48511        24.8167                 NaN            NaN
1119.11        24596.0                 NaN            NaN   47.4951                 NaN   22.2124        5.47538        24.8171                 NaN            NaN
1121.13        24798.0                 NaN            NaN   47.4680                 NaN   22.2488        5.46577        24.8174                 NaN            NaN
1123.15        25000.0                 NaN            NaN   47.4347                 NaN   22.2923        5.45405        24.8189                 NaN            NaN
