|6.6.6
sammon_2021_eclogite_terrains_1.tab
1
T(K)
200.00000000000011
200.00000000000011
-2068249354
11
T(K) P(bar) O Pl Pl Cpx Opx Sp Gt ky qtz
923.150 5000.00 11.4120 59.6412 NaN 21.7241 7.22272 NaN NaN NaN NaN
925.170 5202.02 11.3764 59.5624 NaN 21.7849 7.27631 NaN NaN NaN NaN
927.190 5404.04 11.3402 59.4824 NaN 21.8467 7.33059 NaN NaN NaN NaN
929.211 5606.06 11.3010 59.3961 NaN 21.9133 7.38960 NaN NaN NaN NaN
931.231 5808.08 11.2614 59.3090 NaN 21.9806 7.44912 NaN NaN NaN NaN
933.251 6010.10 11.2186 59.2155 NaN 22.0527 7.51318 NaN NaN NaN NaN
935.271 6212.12 11.1726 59.1152 NaN 22.1300 7.58214 NaN NaN NaN NaN
937.291 6414.14 11.1261 59.0138 NaN 22.2083 7.65191 NaN NaN NaN NaN
939.312 6616.16 11.0754 58.9039 NaN 22.2930 7.72782 NaN NaN NaN NaN
941.332 6818.18 11.0226 58.7896 NaN 22.3810 7.80685 NaN NaN NaN NaN
943.352 7020.20 10.9665 58.6687 NaN 22.4741 7.89061 NaN NaN NaN NaN
945.372 7222.22 10.2176 57.1714 NaN 23.4422 7.38860 NaN 1.78017 NaN NaN
947.392 7424.24 5.09261 46.9609 NaN 29.9633 3.21523 NaN 14.7680 NaN NaN
949.413 7626.26 NaN 38.6736 NaN 35.6583 2.55375 0.896043 22.2183 NaN NaN
951.433 7828.28 NaN 37.0936 NaN 36.3576 NaN 0.160138 26.3886 NaN NaN
953.453 8030.30 NaN 36.8683 NaN 36.3026 NaN 0.595950E-001 26.7695 NaN NaN
955.473 8232.32 NaN 36.7335 NaN 36.2589 NaN NaN 27.0076 NaN NaN
957.493 8434.34 NaN 36.7302 NaN 36.2334 NaN NaN 27.0363 NaN NaN
959.514 8636.36 NaN 36.7270 NaN 36.2078 NaN NaN 27.0652 NaN NaN
961.534 8838.38 NaN 36.7238 NaN 36.1833 NaN NaN 27.0930 NaN NaN
963.554 9040.40 NaN 36.7205 NaN 36.1585 NaN NaN 27.1210 NaN NaN
965.574 9242.42 NaN 36.7172 NaN 36.1369 NaN NaN 27.1459 NaN NaN
967.594 9444.44 NaN 36.7141 NaN 36.1087 NaN NaN 27.1772 NaN NaN
969.615 9646.46 NaN 36.7109 NaN 36.0786 NaN NaN 27.2105 NaN NaN
971.635 9848.48 NaN 36.6489 NaN 36.0701 NaN NaN 27.2666 NaN 0.143790E-001
973.655 10050.5 NaN 36.3164 NaN 36.1074 NaN NaN 27.4812 NaN 0.950319E-001
975.675 10252.5 NaN 35.9794 NaN 36.1482 NaN NaN 27.6957 NaN 0.176702
977.695 10454.5 NaN 35.6244 NaN 36.1926 NaN NaN 27.9202 NaN 0.262728
979.716 10656.6 NaN 35.2365 NaN 36.2405 NaN NaN 28.1662 NaN 0.356786
981.736 10858.6 NaN 34.8642 NaN 36.2882 NaN NaN 28.4006 NaN 0.446965
983.756 11060.6 NaN 34.4582 NaN 36.3442 NaN NaN 28.6523 NaN 0.545318
985.776 11262.6 NaN 34.0450 NaN 36.4013 NaN NaN 28.9083 NaN 0.645379
987.796 11464.6 NaN 33.5880 NaN 36.4676 NaN NaN 29.1884 NaN 0.756084
989.817 11666.7 NaN 33.1082 NaN 36.5379 NaN NaN 29.4816 NaN 0.872303
991.837 11868.7 NaN 32.6386 NaN 36.6134 NaN NaN 29.7621 NaN 0.985929
993.857 12070.7 NaN 32.1344 NaN 36.6988 NaN NaN 30.0588 NaN 1.10794
995.877 12272.7 NaN 31.5931 NaN 36.7954 NaN NaN 30.3725 NaN 1.23891
997.897 12474.7 NaN 31.0120 NaN 36.9080 NaN NaN 30.7004 NaN 1.37950
999.918 12676.8 NaN 30.3970 NaN 37.0326 NaN NaN 31.0421 NaN 1.52827
1001.94 12878.8 NaN 29.7676 NaN 37.1738 NaN NaN 31.3781 NaN 1.68039
1003.96 13080.8 NaN 27.4681 NaN 38.9909 NaN NaN 30.8738 0.875531 1.79171
1005.98 13282.8 NaN 25.2587 NaN 40.8077 NaN NaN 30.3349 1.68367 1.91504
1008.00 13484.8 NaN 22.8144 NaN 42.8452 NaN NaN 29.7107 2.57876 2.05100
1010.02 13686.9 NaN 20.7854 NaN 44.5289 NaN NaN 29.2636 3.19396 2.22819
1012.04 13888.9 NaN 18.8427 NaN 46.1395 NaN NaN 28.8754 3.70564 2.43679
1014.06 14090.9 NaN 16.9287 NaN 47.7258 NaN NaN 28.5274 4.14132 2.67676
1016.08 14292.9 NaN 15.0431 NaN 49.2616 NaN NaN 28.2804 4.43164 2.98323
1018.10 14494.9 NaN 12.9389 NaN 51.0108 NaN NaN 27.9235 4.84838 3.27835
1020.12 14697.0 NaN 10.8662 NaN 52.7027 NaN NaN 27.6589 5.14637 3.62580
1022.14 14899.0 NaN 8.59355 NaN 54.5539 NaN NaN 27.4021 5.41390 4.03660
1024.16 15101.0 NaN 6.13656 NaN 56.5376 NaN NaN 27.1681 5.65047 4.50730
1026.18 15303.0 NaN 3.32569 NaN 58.7854 NaN NaN 26.9567 5.85088 5.08127
1028.20 15505.1 NaN 0.465416 NaN 61.0662 NaN NaN 26.7525 6.04652 5.66936
1030.22 15707.1 NaN NaN NaN 61.3663 NaN NaN 26.8112 6.03858 5.78391
1032.24 15909.1 NaN NaN NaN 61.2851 NaN NaN 26.9124 6.00101 5.80146
1034.26 16111.1 NaN NaN NaN 61.2075 NaN NaN 27.0115 5.96051 5.82044
1036.28 16313.1 NaN NaN NaN 61.1218 NaN NaN 27.1200 5.91752 5.84071
1038.30 16515.2 NaN NaN NaN 61.0292 NaN NaN 27.2352 5.87465 5.86096
1040.32 16717.2 NaN NaN NaN 60.9445 NaN NaN 27.3422 5.83236 5.88087
1042.34 16919.2 NaN NaN NaN 60.8567 NaN NaN 27.4517 5.79151 5.90007
1044.36 17121.2 NaN NaN NaN 60.7712 NaN NaN 27.5598 5.74870 5.92024
1046.38 17323.2 NaN NaN NaN 60.6804 NaN NaN 27.6746 5.70319 5.94178
1048.40 17525.3 NaN NaN NaN 60.5853 NaN NaN 27.7923 5.66032 5.96202
1050.42 17727.3 NaN NaN NaN 60.5003 NaN NaN 27.9001 5.61751 5.98217
1052.44 17929.3 NaN NaN NaN 60.4103 NaN NaN 28.0139 5.57223 6.00359
1054.46 18131.3 NaN NaN NaN 60.3120 NaN NaN 28.1368 5.52540 6.02580
1056.48 18333.3 NaN NaN NaN 60.2427 NaN NaN 28.2172 5.50582 6.03431
1058.50 18535.4 NaN NaN NaN 60.1332 NaN NaN 28.3589 5.44362 6.06423
1060.52 18737.4 NaN NaN NaN 60.0325 NaN NaN 28.4871 5.39109 6.08929
1062.54 18939.4 NaN NaN NaN 59.9350 NaN NaN 28.6109 5.34105 6.11308
1064.56 19141.4 NaN NaN NaN 59.8395 NaN NaN 28.7294 5.29741 6.13368
1066.58 19343.4 NaN NaN NaN 59.7396 NaN NaN 28.8549 5.24867 6.15682
1068.60 19545.5 NaN NaN NaN 59.6392 NaN NaN 28.9808 5.20010 6.17989
1070.62 19747.5 NaN NaN NaN 59.5432 NaN NaN 29.1017 5.15284 6.20227
1072.64 19949.5 NaN NaN NaN 59.4252 NaN NaN 29.2478 5.09885 6.22812
1074.67 20151.5 NaN NaN NaN 59.3380 NaN NaN 29.3583 5.05492 6.24878
1076.69 20353.5 NaN NaN NaN 59.2330 NaN NaN 29.4902 5.00371 6.27315
1078.71 20555.6 NaN NaN NaN 59.1275 NaN NaN 29.6220 4.95338 6.29709
1080.73 20757.6 NaN NaN NaN 59.0189 NaN NaN 29.7580 4.90098 6.32207
1082.75 20959.6 NaN NaN NaN 58.9124 NaN NaN 29.8912 4.85018 6.34623
1084.77 21161.6 NaN NaN NaN 58.8065 NaN NaN 30.0239 4.79901 6.37056
1086.79 21363.6 NaN NaN NaN 58.6938 NaN NaN 30.1654 4.74379 6.39693
1088.81 21565.7 NaN NaN NaN 58.5884 NaN NaN 30.2983 4.69154 6.42179
1090.83 21767.7 NaN NaN NaN 58.4757 NaN NaN 30.4380 4.64010 6.44627
1092.85 21969.7 NaN NaN NaN 58.3649 NaN NaN 30.5766 4.58691 6.47161
1094.87 22171.7 NaN NaN NaN 58.2475 NaN NaN 30.7236 4.53021 6.49872
1096.89 22373.7 NaN NaN NaN 58.1424 NaN NaN 30.8548 4.48054 6.52226
1098.91 22575.8 NaN NaN NaN 58.0247 NaN NaN 31.0019 4.42427 6.54914
1100.93 22777.8 NaN NaN NaN 57.9108 NaN NaN 31.1442 4.36999 6.57500
1102.95 22979.8 NaN NaN NaN 57.7922 NaN NaN 31.2937 4.31081 6.60330
1104.97 23181.8 NaN NaN NaN 57.6541 NaN NaN 31.4632 4.25024 6.63240
1106.99 23383.8 NaN NaN NaN 57.5217 NaN NaN 31.6258 4.19253 6.66003
1109.01 23585.9 NaN NaN NaN 57.4368 NaN NaN 31.7367 4.14326 6.68322
1111.03 23787.9 NaN NaN NaN 57.3195 NaN NaN 31.8835 4.08694 6.71007
1113.05 23989.9 NaN NaN NaN 57.1984 NaN NaN 32.0354 4.02796 6.73825
1115.07 24191.9 NaN NaN NaN 57.0757 NaN NaN 32.1875 3.97170 6.76509
1117.09 24393.9 NaN NaN NaN 56.9572 NaN NaN 32.3350 3.91634 6.79145
1119.11 24596.0 NaN NaN NaN 56.8335 NaN NaN 32.4907 3.85508 6.82073
1121.13 24798.0 NaN NaN NaN 56.7057 NaN NaN 32.6493 3.79592 6.84900
1123.15 25000.0 NaN NaN NaN 56.5816 NaN NaN 32.8039 3.73783 6.87671
