|6.6.6
brophy_1985_al_basalt_1.tab
1
T(K)
200.00000000000011
200.00000000000011
-1294129930
12
T(K) P(bar) O Pl Pl Cpx Opx Gt Sp ky qtz Aki
923.150 5000.00 14.9901 72.0709 NaN 12.6997 0.239404 NaN NaN NaN NaN NaN
925.170 5202.02 14.9730 72.0302 NaN 12.7303 0.266484 NaN NaN NaN NaN NaN
927.190 5404.04 14.9557 71.9892 NaN 12.7612 0.293886 NaN NaN NaN NaN NaN
929.211 5606.06 14.9369 71.9449 NaN 12.7945 0.323663 NaN NaN NaN NaN NaN
931.231 5808.08 14.9179 71.9005 NaN 12.8280 0.353588 NaN NaN NaN NaN NaN
933.251 6010.10 14.8976 71.8534 NaN 12.8635 0.385500 NaN NaN NaN NaN NaN
935.271 6212.12 14.8755 71.8025 NaN 12.9018 0.420117 NaN NaN NaN NaN NaN
937.291 6414.14 14.8532 71.7513 NaN 12.9404 0.454999 NaN NaN NaN NaN NaN
939.312 6616.16 14.8291 71.6963 NaN 12.9819 0.492694 NaN NaN NaN NaN NaN
941.332 6818.18 14.8040 71.6396 NaN 13.0248 0.531670 NaN NaN NaN NaN NaN
943.352 7020.20 14.1529 70.3712 NaN 13.8251 NaN 1.65071 NaN NaN NaN NaN
945.372 7222.22 13.4183 69.1203 NaN 14.6027 NaN 2.76622 0.925268E-001 NaN NaN NaN
947.392 7424.24 1.62914 51.6128 NaN 26.4280 NaN 17.5937 2.73641 NaN NaN NaN
949.413 7626.26 NaN 49.0340 NaN 28.0417 NaN 19.8933 3.03105 NaN NaN NaN
951.433 7828.28 NaN 48.8489 NaN 27.9746 NaN 20.2294 2.94701 NaN NaN NaN
953.453 8030.30 NaN 48.6628 NaN 27.9080 NaN 20.5668 2.86247 NaN NaN NaN
955.473 8232.32 NaN 48.4647 NaN 27.8345 NaN 20.9284 2.77232 NaN NaN NaN
957.493 8434.34 NaN 48.2571 NaN 27.7553 NaN 21.3098 2.67772 NaN NaN NaN
959.514 8636.36 NaN 48.0435 NaN 27.6736 NaN 21.7026 2.58031 NaN NaN NaN
961.534 8838.38 NaN 47.8126 NaN 27.5813 NaN 22.1313 2.47481 NaN NaN NaN
963.554 9040.40 NaN 47.5688 NaN 27.4811 NaN 22.5868 2.36328 NaN NaN NaN
965.574 9242.42 NaN 47.3066 NaN 27.3712 NaN 23.0791 2.24312 NaN NaN NaN
967.594 9444.44 NaN 47.0281 NaN 27.2501 NaN 23.6064 2.11535 NaN NaN NaN
969.615 9646.46 NaN 46.7454 NaN 27.1312 NaN 24.1378 1.98560 NaN NaN NaN
971.635 9848.48 NaN 46.4398 NaN 26.9981 NaN 24.7169 1.84520 NaN NaN NaN
973.655 10050.5 NaN 46.1124 NaN 26.8537 NaN 25.3394 1.69459 NaN NaN NaN
975.675 10252.5 NaN 45.7586 NaN 26.7002 NaN 26.0094 1.53177 NaN NaN NaN
977.695 10454.5 NaN 45.3853 NaN 26.5372 NaN 26.7177 1.35982 NaN NaN NaN
979.716 10656.6 NaN 44.9529 NaN 26.3464 NaN 27.5404 1.16036 NaN NaN NaN
981.736 10858.6 NaN 44.5379 NaN 26.1813 NaN 28.3116 0.969226 NaN NaN NaN
983.756 11060.6 NaN 44.0647 NaN 25.9920 NaN 29.1923 0.751014 NaN NaN NaN
985.776 11262.6 NaN 43.5723 NaN 25.8027 NaN 30.1010 0.523977 NaN NaN NaN
987.796 11464.6 NaN 42.9866 NaN 25.6065 NaN 31.1530 0.253947 NaN NaN NaN
989.817 11666.7 NaN 42.4354 NaN 25.4230 NaN 32.1416 NaN NaN NaN NaN
991.837 11868.7 NaN 42.4340 NaN 25.3118 NaN 32.2542 NaN NaN NaN NaN
993.857 12070.7 NaN 42.4321 NaN 25.2123 NaN 32.3556 NaN NaN NaN NaN
995.877 12272.7 NaN 42.4305 NaN 25.1037 NaN 32.4658 NaN NaN NaN NaN
997.897 12474.7 NaN 42.4289 NaN 24.9943 NaN 32.5768 NaN NaN NaN NaN
999.918 12676.8 NaN 42.4273 NaN 24.8873 NaN 32.6854 NaN NaN NaN NaN
1001.94 12878.8 NaN 42.4256 NaN 24.7795 NaN 32.7949 NaN NaN NaN NaN
1003.96 13080.8 NaN 42.4241 NaN 24.6679 NaN 32.9080 NaN NaN NaN NaN
1005.98 13282.8 NaN 42.4222 NaN 24.5725 NaN 33.0054 NaN NaN NaN NaN
1008.00 13484.8 NaN 42.4205 NaN 24.4647 NaN 33.1147 NaN NaN NaN NaN
1010.02 13686.9 NaN 42.3019 NaN 24.4573 NaN 33.1843 NaN 0.564933E-001 NaN NaN
1012.04 13888.9 NaN 39.6187 NaN 26.9686 NaN 32.0657 NaN 1.34703 NaN NaN
1014.06 14090.9 NaN 37.3184 NaN 29.2448 NaN 30.9847 NaN 2.45214 NaN NaN
1016.08 14292.9 NaN 34.6608 NaN 31.7940 NaN 29.8149 NaN 3.73027 NaN NaN
1018.10 14494.9 NaN 31.9682 NaN 34.2661 NaN 28.8410 NaN 4.82177 0.102953 NaN
1020.12 14697.0 NaN 29.3717 NaN 36.4741 NaN 28.2885 NaN 5.44855 0.417132 NaN
1022.14 14899.0 NaN 26.4450 NaN 38.9640 NaN 27.5481 NaN 6.38937 0.653483 NaN
1024.16 15101.0 NaN 23.6210 NaN 41.3801 NaN 26.9599 NaN 7.01657 1.02245 NaN
1026.18 15303.0 NaN 20.5884 NaN 43.9584 NaN 26.4215 NaN 7.53510 1.49658 NaN
1028.20 15505.1 NaN 17.3218 NaN 46.7088 NaN 25.9136 NaN 8.00283 2.05301 NaN
1030.22 15707.1 NaN 13.9725 NaN 49.5605 NaN 25.3462 NaN 8.51285 2.60789 NaN
1032.24 15909.1 NaN 10.3171 NaN 52.6139 NaN 24.8550 NaN 8.93041 3.28358 NaN
1034.26 16111.1 NaN 6.16516 NaN 56.0489 NaN 24.3821 NaN 9.30027 4.10363 NaN
1036.28 16313.1 NaN 1.61661 NaN 59.7728 NaN 23.9316 NaN 9.64807 5.03094 NaN
1038.30 16515.2 NaN NaN NaN 61.0528 NaN 23.8217 NaN 9.75984 5.36564 NaN
1040.32 16717.2 NaN NaN NaN 60.9708 NaN 23.9221 NaN 9.72493 5.38210 NaN
1042.34 16919.2 NaN NaN NaN 60.8968 NaN 24.0119 NaN 9.69552 5.39576 NaN
1044.36 17121.2 NaN NaN NaN 60.8103 NaN 24.1174 NaN 9.65941 5.41285 NaN
1046.38 17323.2 NaN NaN NaN 60.7239 NaN 24.2238 NaN 9.62145 5.43084 NaN
1048.40 17525.3 NaN NaN NaN 60.6422 NaN 24.3221 NaN 9.59033 5.44540 NaN
1050.42 17727.3 NaN NaN NaN 60.5550 NaN 24.4278 NaN 9.55520 5.46200 NaN
1052.44 17929.3 NaN NaN NaN 60.4743 NaN 24.5282 NaN 9.51791 5.47960 NaN
1054.46 18131.3 NaN NaN NaN 60.3943 NaN 24.6256 NaN 9.48524 5.49491 NaN
1056.48 18333.3 NaN NaN NaN 60.3030 NaN 24.7361 NaN 9.44852 5.51231 NaN
1058.50 18535.4 NaN NaN NaN 60.2333 NaN 24.8215 NaN 9.41938 5.52581 NaN
1060.52 18737.4 NaN NaN NaN 60.1545 NaN 24.9179 NaN 9.38633 5.54130 NaN
1062.54 18939.4 NaN NaN NaN 60.0565 NaN 25.0424 NaN 9.33518 5.56588 NaN
1064.56 19141.4 NaN NaN NaN 59.9467 NaN 25.1711 NaN 9.29908 5.58309 NaN
1066.58 19343.4 NaN NaN NaN 59.8558 NaN 25.2820 NaN 9.26105 5.60112 NaN
1068.60 19545.5 NaN NaN NaN 59.7659 NaN 25.3917 NaN 9.22353 5.61889 NaN
1070.62 19747.5 NaN NaN NaN 59.6778 NaN 25.4990 NaN 9.18709 5.63611 NaN
1072.64 19949.5 NaN NaN NaN 59.5841 NaN 25.6136 NaN 9.14739 5.65497 NaN
1074.67 20151.5 NaN NaN NaN 59.4935 NaN 25.7243 NaN 9.10898 5.67317 NaN
1076.69 20353.5 NaN NaN NaN 59.4036 NaN 25.8343 NaN 9.07098 5.69116 NaN
1078.71 20555.6 NaN NaN NaN 59.3081 NaN 25.9504 NaN 9.03165 5.70984 NaN
1080.73 20757.6 NaN NaN NaN 59.2140 NaN 26.0655 NaN 8.99179 5.72877 NaN
1082.75 20959.6 NaN NaN NaN 59.1154 NaN 26.1856 NaN 8.95071 5.74833 NaN
1084.77 21161.6 NaN NaN NaN 59.0246 NaN 26.2966 NaN 8.91221 5.76656 NaN
1086.79 21363.6 NaN NaN NaN 58.9298 NaN 26.4129 NaN 8.87136 5.78597 NaN
1088.81 21565.7 NaN NaN NaN 58.8208 NaN 26.5463 NaN 8.82439 5.80849 NaN
1090.83 21767.7 NaN NaN NaN 58.7322 NaN 26.6535 NaN 8.78914 5.82508 NaN
1092.85 21969.7 NaN NaN NaN 58.6385 NaN 26.7682 NaN 8.74948 5.84388 NaN
1094.87 22171.7 NaN NaN NaN 58.5420 NaN 26.8867 NaN 8.70737 5.86391 NaN
1096.89 22373.7 NaN NaN NaN 58.4418 NaN 27.0084 NaN 8.66648 5.88335 NaN
1098.91 22575.8 NaN NaN NaN 58.3494 NaN 27.1212 NaN 8.62775 5.90167 NaN
1100.93 22777.8 NaN NaN NaN 58.2447 NaN 27.2495 NaN 8.58250 5.92328 NaN
1102.95 22979.8 NaN NaN NaN 58.1632 NaN 27.3507 NaN 8.54523 5.94080 NaN
1104.97 23181.8 NaN NaN NaN 58.0458 NaN 27.4918 NaN 8.50000 5.96248 NaN
1106.99 23383.8 NaN NaN NaN 57.9440 NaN 27.6157 NaN 8.45761 5.98265 NaN
1109.01 23585.9 NaN NaN NaN 57.8394 NaN 27.7435 NaN 8.41345 6.00370 NaN
1111.03 23787.9 NaN NaN NaN 57.7341 NaN 27.8724 NaN 8.36828 6.02525 NaN
1113.05 23989.9 NaN NaN NaN 57.6419 NaN 27.9855 NaN 8.32855 6.04403 NaN
1115.07 24191.9 NaN NaN NaN 57.5389 NaN 28.1107 NaN 8.28624 6.06414 NaN
1117.09 24393.9 NaN NaN NaN 57.4372 NaN 28.2346 NaN 8.24399 6.08422 NaN
1119.11 24596.0 NaN NaN NaN 57.3345 NaN 28.3607 NaN 8.19933 6.10547 NaN
1121.13 24798.0 NaN NaN NaN 57.1933 NaN 28.5302 NaN 8.14443 6.13203 NaN
1123.15 25000.0 NaN NaN NaN 57.1263 NaN 28.6141 NaN 8.11313 6.14646 NaN
