|6.6.6
sammon_2021_deep_crust_hp_1.tab
1
T(K)
200.00000000000011
200.00000000000011
-1483184906
18
T(K) P(bar) Omph(HP) Omph(HP) Gt(W) Opx(W) Pl(I1,HP) Pl(I1,HP) Pl(I1,HP) ky sph ab q ru kjdh Ilm(WPH) melt(G) Fsp(C1)
923.150 5000.00 9.25303 NaN NaN 17.4357 54.7362 8.15082 NaN NaN NaN NaN 9.39123 NaN NaN 1.03294 NaN NaN
925.170 5202.02 9.30892 NaN NaN 17.4385 54.6867 8.12483 NaN NaN NaN NaN 9.40780 NaN NaN 1.03324 NaN NaN
927.190 5404.04 9.34759 NaN NaN 17.4378 54.6662 8.09795 NaN NaN NaN NaN 9.41697 NaN NaN 1.03353 NaN NaN
929.211 5606.06 9.42731 NaN NaN 17.4436 54.5850 8.06678 NaN NaN NaN NaN 9.44348 NaN NaN 1.03385 NaN NaN
931.231 5808.08 9.47922 NaN NaN 17.4789 54.5590 8.03187 NaN NaN NaN NaN 9.43144 0.212405E-001 NaN 0.998370 NaN NaN
933.251 6010.10 9.55664 NaN NaN 17.6421 54.4969 7.99578 NaN NaN NaN NaN 9.34976 0.110389 NaN 0.848428 NaN NaN
935.271 6212.12 9.64976 NaN NaN 17.7865 54.3939 7.97046 NaN NaN NaN NaN 9.29207 0.185983 NaN 0.721347 NaN NaN
937.291 6414.14 9.69966 NaN NaN 17.8927 54.3570 7.94625 NaN NaN NaN NaN 9.23684 0.244339 NaN 0.623267 NaN NaN
939.312 6616.16 9.80333 NaN NaN 18.1060 54.2711 7.90365 NaN NaN NaN NaN 9.12925 0.362823 NaN 0.423912 NaN NaN
941.332 6818.18 9.85869 NaN NaN 18.2153 54.2197 7.88667 NaN NaN NaN NaN 9.07394 0.423075 NaN 0.322637 NaN NaN
943.352 7020.20 9.97102 NaN NaN 18.3707 54.0959 7.85677 NaN NaN NaN NaN 9.01581 0.505192 NaN 0.184610 NaN NaN
945.372 7222.22 10.0777 NaN NaN 18.5510 53.9892 7.82662 NaN NaN NaN NaN 8.93337 0.604347 NaN 0.178398E-001 NaN NaN
947.392 7424.24 10.1552 NaN NaN 18.5661 53.9206 7.79946 NaN NaN NaN NaN 8.94348 0.615155 NaN NaN NaN NaN
949.413 7626.26 10.2809 NaN NaN 18.5709 53.7770 7.76906 NaN NaN NaN NaN 8.98665 0.615451 NaN NaN NaN NaN
951.433 7828.28 10.6305 NaN 0.682901 18.0161 53.1341 7.74482 NaN NaN NaN NaN 9.17501 0.616624 NaN NaN NaN NaN
953.453 8030.30 11.6604 NaN 3.39745 15.8008 7.73261 50.9873 NaN NaN NaN NaN 9.80109 0.620405 NaN NaN NaN NaN
955.473 8232.32 12.9678 NaN 6.58246 13.1676 48.4220 7.67741 NaN NaN NaN NaN 10.5579 0.624869 NaN NaN NaN NaN
957.493 8434.34 14.0894 NaN 9.23066 10.9500 46.3216 7.59250 NaN NaN NaN NaN 11.1872 0.628590 NaN NaN NaN NaN
959.514 8636.36 14.9914 NaN 11.3381 9.17419 7.46204 4.70186 40.0156 NaN NaN NaN 11.6853 0.631557 NaN NaN NaN NaN
961.534 8838.38 16.2367 NaN 14.0991 6.81571 27.3243 7.26918 15.2703 NaN NaN NaN 12.3493 0.635424 NaN NaN NaN NaN
963.554 9040.40 18.2243 NaN 18.4141 3.09570 39.3084 6.92621 NaN NaN NaN NaN 13.3900 0.641368 NaN NaN NaN NaN
965.574 9242.42 19.7469 NaN 21.5393 0.356621 37.0342 6.52344 NaN NaN NaN NaN 14.1539 0.645703 NaN NaN NaN NaN
967.594 9444.44 19.9894 NaN 22.0153 NaN 6.40195 36.6569 NaN NaN NaN NaN 14.2900 0.646538 NaN NaN NaN NaN
969.615 9646.46 20.0218 NaN 22.2947 NaN 36.2636 6.37027 NaN NaN NaN NaN 14.4024 0.647205 NaN NaN NaN NaN
971.635 9848.48 20.0417 NaN 22.4396 NaN 36.0570 6.35522 NaN NaN NaN NaN 14.4588 0.647611 NaN NaN NaN NaN
973.655 10050.5 20.1220 NaN 22.6282 NaN 35.7948 6.25338 NaN NaN NaN NaN 14.5535 0.648160 NaN NaN NaN NaN
975.675 10252.5 20.1760 NaN 22.9241 NaN 6.22900 35.3421 NaN NaN NaN NaN 14.6799 0.648888 NaN NaN NaN NaN
977.695 10454.5 20.2088 NaN 23.0790 NaN 6.21807 35.1000 NaN NaN NaN NaN 14.7448 0.649329 NaN NaN NaN NaN
979.716 10656.6 20.3141 NaN 23.2642 NaN 34.8095 6.11505 NaN NaN NaN NaN 14.8473 0.649907 NaN NaN NaN NaN
981.736 10858.6 20.4089 NaN 23.5683 NaN 6.10411 34.2764 NaN NaN NaN NaN 14.9916 0.650709 NaN NaN NaN NaN
983.756 11060.6 20.4657 NaN 23.7257 NaN 6.10149 33.9898 NaN NaN NaN NaN 15.0661 0.651190 NaN NaN NaN NaN
985.776 11262.6 20.6183 NaN 23.8914 NaN 33.6581 6.00218 NaN NaN NaN NaN 15.1783 0.651801 NaN NaN NaN NaN
987.796 11464.6 20.6958 NaN 24.0432 NaN 33.3428 6.00777 NaN NaN NaN NaN 15.2581 0.652301 NaN NaN NaN NaN
989.817 11666.7 20.8919 NaN 24.3267 NaN 32.6649 6.03179 NaN NaN NaN NaN 15.4314 0.653217 NaN NaN NaN NaN
991.837 11868.7 21.1158 NaN 24.4703 NaN 5.94570 32.2534 NaN NaN NaN NaN 15.5609 0.653892 NaN NaN NaN NaN
993.857 12070.7 21.3196 NaN 24.6728 NaN 31.6334 6.01332 NaN NaN NaN NaN 15.7061 0.654678 NaN NaN NaN NaN
995.877 12272.7 21.6317 NaN 24.7361 NaN 31.1168 5.99221 NaN 0.434423E-001 NaN NaN 15.8243 0.655411 NaN NaN NaN NaN
997.897 12474.7 22.3012 NaN 24.6181 NaN 30.1416 6.06344 NaN 0.269912 NaN NaN 15.9491 0.656614 NaN NaN NaN NaN
999.918 12676.8 22.6839 NaN 24.6728 NaN 6.03001 29.5802 NaN 0.274636 NaN NaN 16.1011 0.657374 NaN NaN NaN NaN
1001.94 12878.8 23.5626 NaN 24.6037 NaN 28.2061 6.20467 NaN 0.418665 NaN NaN 16.3454 0.658873 NaN NaN NaN NaN
1003.96 13080.8 24.0411 NaN 24.5856 NaN 6.32246 27.4353 NaN 0.462271 NaN NaN 16.4935 0.659730 NaN NaN NaN NaN
1005.98 13282.8 24.5415 NaN 24.6699 NaN 26.6350 6.37820 NaN 0.393180 NaN NaN 16.7216 0.660627 NaN NaN NaN NaN
1008.00 13484.8 25.1251 NaN 24.6692 NaN 25.6725 6.54868 NaN 0.396242 NaN NaN 16.9266 0.661622 NaN NaN NaN NaN
1010.02 13686.9 26.4660 NaN 24.6947 NaN 6.96800 23.4278 NaN 0.346535 NaN NaN 17.4331 0.663751 NaN NaN NaN NaN
1012.04 13888.9 27.0476 NaN 24.7717 NaN 22.4744 7.09351 NaN 0.252869 NaN NaN 17.6952 0.664731 NaN NaN NaN NaN
1014.06 14090.9 27.7154 NaN 24.7701 NaN 7.31375 21.3649 NaN 0.232809 NaN NaN 17.9373 0.665831 NaN NaN NaN NaN
1016.08 14292.9 28.9874 NaN 24.7226 NaN 7.72576 19.3014 NaN 0.212682 NaN NaN 18.3824 0.667781 NaN NaN NaN NaN
1018.10 14494.9 28.8153 NaN 24.7828 NaN 7.63130 19.5904 NaN 0.162285 NaN NaN 18.3502 0.667632 NaN NaN NaN NaN
1020.12 14697.0 29.9784 NaN 24.6876 NaN 8.01299 17.7491 NaN 0.174850 NaN NaN 18.7276 0.669378 NaN NaN NaN NaN
1022.14 14899.0 31.0829 NaN 24.5554 NaN 16.0590 8.35836 NaN 0.210485 NaN NaN 19.0628 0.671003 NaN NaN NaN NaN
1024.16 15101.0 30.8957 NaN 24.6185 NaN 8.28936 16.3402 NaN 0.159146 NaN NaN 19.0263 0.670830 NaN NaN NaN NaN
1026.18 15303.0 31.9573 NaN 24.4612 NaN 8.62208 14.7455 NaN 0.209686 NaN NaN 19.3319 0.672366 NaN NaN NaN NaN
1028.20 15505.1 32.4821 NaN 24.3759 NaN 13.9752 8.77871 NaN 0.239824 NaN NaN 19.4750 0.673170 NaN NaN NaN NaN
1030.22 15707.1 32.8093 NaN 24.3510 NaN 8.89128 13.4720 NaN 0.219075 NaN NaN 19.5836 0.673681 NaN NaN NaN NaN
1032.24 15909.1 33.8447 NaN 24.1591 NaN 9.19709 11.9735 NaN 0.289966 NaN NaN 19.8604 0.675145 NaN NaN NaN NaN
1034.26 16111.1 34.3668 NaN 24.0593 NaN 11.2323 9.34332 NaN 0.327583 NaN NaN 19.9948 0.675929 NaN NaN NaN NaN
1036.28 16313.1 34.6966 NaN 24.0268 NaN 9.47840 10.7114 NaN 0.310038 NaN NaN 20.1003 0.676435 NaN NaN NaN NaN
1038.30 16515.2 35.2244 NaN 23.9235 NaN 9.62640 9.96352 NaN 0.350267 NaN NaN 20.2347 0.677226 NaN NaN NaN NaN
1040.32 16717.2 36.2951 NaN 23.7076 NaN 9.91553 8.45673 NaN 0.435226 NaN NaN 20.5111 0.678725 NaN NaN NaN NaN
1042.34 16919.2 36.6525 NaN 23.6719 NaN 7.87137 10.0822 NaN 0.417344 NaN NaN 20.6254 0.679267 NaN NaN NaN NaN
1044.36 17121.2 37.2119 NaN 23.5626 NaN 7.08654 10.2305 NaN 0.460145 NaN NaN 20.7682 0.680100 NaN NaN NaN NaN
1046.38 17323.2 38.3636 NaN 23.3386 NaN 10.5263 5.47067 NaN 0.549565 NaN NaN 21.0696 0.681719 NaN NaN NaN NaN
1048.40 17525.3 38.7763 NaN 23.3034 NaN 10.7364 4.76699 NaN 0.529750 NaN NaN 21.2047 0.682347 NaN NaN NaN NaN
1050.42 17727.3 39.3938 NaN 23.1933 NaN 3.89369 10.8944 NaN 0.573675 NaN NaN 21.3679 0.683271 NaN NaN NaN NaN
1052.44 17929.3 40.6974 NaN 22.9680 NaN 11.2189 2.04447 NaN 0.661757 NaN NaN 21.7244 0.685126 NaN NaN NaN NaN
1054.46 18131.3 41.3906 NaN 22.8579 NaN 1.05822 11.3864 NaN 0.705532 NaN NaN 21.9151 0.686168 NaN NaN NaN NaN
1056.48 18333.3 42.0263 NaN 22.7889 NaN 11.6159 0.585158E-001 NaN 0.712377 NaN NaN 22.1109 0.687132 NaN NaN NaN NaN
1058.50 18535.4 42.3230 NaN 22.7991 NaN 11.2686 NaN NaN 0.703719 NaN NaN 22.2179 0.687720 NaN NaN NaN NaN
1060.52 18737.4 42.5263 NaN 22.8091 NaN 10.9776 NaN NaN 0.712959 NaN NaN 22.2858 0.688188 NaN NaN NaN NaN
1062.54 18939.4 42.6089 NaN 22.8347 NaN 10.8322 NaN NaN 0.719055 NaN NaN 22.3167 0.688482 NaN NaN NaN NaN
1064.56 19141.4 42.7872 NaN 22.8508 NaN 10.5685 NaN NaN 0.726025 NaN NaN 22.3785 0.688918 NaN NaN NaN NaN
1066.58 19343.4 42.9866 NaN 22.8616 NaN 10.2836 NaN NaN 0.732874 NaN NaN 22.4460 0.689379 NaN NaN NaN NaN
1068.60 19545.5 43.0645 NaN 22.8949 NaN 10.1357 NaN NaN 0.736281 NaN NaN 22.4789 0.689676 NaN NaN NaN NaN
1070.62 19747.5 43.1585 NaN 22.9214 NaN 9.97449 NaN NaN 0.741027 NaN NaN 22.5146 0.689989 NaN NaN NaN NaN
1072.64 19949.5 43.2270 NaN 22.9506 NaN 9.84467 NaN NaN 0.745135 NaN NaN 22.5423 0.690263 NaN NaN NaN NaN
1074.67 20151.5 43.2385 NaN 22.9902 NaN 9.77762 NaN NaN 0.750198 NaN NaN 22.5531 0.690464 NaN NaN NaN NaN
1076.69 20353.5 43.3224 NaN 23.0229 NaN 9.62041 NaN NaN 0.756340 NaN NaN 22.5872 0.690776 NaN NaN NaN NaN
1078.71 20555.6 43.3384 NaN 23.0686 NaN 9.54316 NaN NaN 0.755205 NaN NaN 22.6036 0.690986 NaN NaN NaN NaN
1080.73 20757.6 43.3800 NaN 23.1038 NaN 9.44321 NaN NaN 0.757252 NaN NaN 22.6245 0.691223 NaN NaN NaN NaN
1082.75 20959.6 43.3881 NaN 23.1443 NaN 9.38130 NaN NaN 0.759732 NaN NaN 22.6351 0.691415 NaN NaN NaN NaN
1084.77 21161.6 43.4208 NaN 23.1847 NaN 9.28624 NaN NaN 0.761823 NaN NaN 22.6547 0.691648 NaN NaN NaN NaN
1086.79 21363.6 43.4314 NaN 23.2212 NaN 9.22546 NaN NaN 0.765825 NaN NaN 22.6643 0.691838 NaN NaN NaN NaN
1088.81 21565.7 43.4225 NaN 23.2718 NaN 9.17354 NaN NaN 0.767063 NaN NaN 22.6731 0.692020 NaN NaN NaN NaN
1090.83 21767.7 43.4332 NaN 23.3115 NaN 9.11121 NaN NaN 0.766722 NaN NaN 22.6851 0.692209 NaN NaN NaN NaN
1092.85 21969.7 43.4279 NaN 23.3596 NaN 9.05817 NaN NaN 0.767589 NaN NaN 22.6943 0.692390 NaN NaN NaN NaN
1094.87 22171.7 43.4325 NaN 23.4064 NaN 8.99282 NaN NaN 0.769213 NaN NaN 22.7064 0.692588 NaN NaN NaN NaN
1096.89 22373.7 43.4277 NaN 23.4503 NaN 8.94494 NaN NaN 0.770087 NaN NaN 22.7142 0.692761 NaN NaN NaN NaN
1098.91 22575.8 43.4147 NaN 23.5000 NaN 8.90010 NaN NaN 0.771026 NaN NaN 22.7213 0.692932 NaN NaN NaN NaN
1100.93 22777.8 43.3974 NaN 23.5521 NaN 8.85819 NaN NaN 0.771374 NaN NaN 22.7278 0.693101 NaN NaN NaN NaN
1102.95 22979.8 43.3914 NaN 23.5906 NaN 8.81859 NaN NaN 0.773271 NaN NaN 22.7329 0.693261 NaN NaN NaN NaN
1104.97 23181.8 43.3735 NaN 23.6396 NaN 8.78206 NaN NaN 0.773224 NaN NaN 22.7382 0.693420 NaN NaN NaN NaN
1106.99 23383.8 43.3517 NaN 23.6931 NaN 8.74588 NaN NaN 0.771360 NaN NaN 22.7444 0.693579 NaN NaN NaN NaN
1109.01 23585.9 43.3334 NaN 23.7389 NaN 8.71222 NaN NaN 0.774053 NaN NaN 22.7476 0.693736 NaN NaN NaN NaN
1111.03 23787.9 43.3175 NaN 23.7812 NaN 8.68282 NaN NaN 0.773242 NaN NaN 22.7513 0.693881 NaN NaN NaN NaN
1113.05 23989.9 43.2806 NaN 23.8397 NaN 8.65985 NaN NaN 0.772072 NaN NaN 22.7538 0.694026 NaN NaN NaN NaN
1115.07 24191.9 43.2595 NaN 23.8926 NaN 8.62297 NaN NaN 0.771003 NaN NaN 22.7598 0.694186 NaN NaN NaN NaN
1117.09 24393.9 43.2356 NaN 23.9396 NaN 8.59680 NaN NaN 0.771443 NaN NaN 22.7621 0.694330 NaN NaN NaN NaN
1119.11 24596.0 43.2089 NaN 23.9915 NaN 8.56900 NaN NaN 0.770343 NaN NaN 22.7658 0.694477 NaN NaN NaN NaN
1121.13 24798.0 43.1750 NaN 24.0480 NaN 8.54482 NaN NaN 0.768983 NaN NaN 22.7686 0.694622 NaN NaN NaN NaN
1123.15 25000.0 43.1471 NaN 24.0978 NaN 8.52141 NaN NaN 0.767884 NaN NaN 22.7711 0.694762 NaN NaN NaN NaN
