|6.6.6
hacker_2015_bin_3_1.tab
1
T(K)
200.00000000000011
200.00000000000011
-168147722
11
T(K)           P(bar)         Pl             Pl             Cpx            Cpx            Gt             ky             qtz            coes           Opx
923.150        5000.00        66.3354                 NaN   3.13086                 NaN            NaN            NaN   10.4788                 NaN   20.0550
925.170        5202.02        66.3181                 NaN   3.14405                 NaN            NaN            NaN   10.4796                 NaN   20.0583
927.190        5404.04        66.3002                 NaN   3.15815                 NaN            NaN            NaN   10.4806                 NaN   20.0610
929.211        5606.06        66.2812                 NaN   3.17284                 NaN            NaN            NaN   10.4821                 NaN   20.0639
931.231        5808.08        66.2614                 NaN   3.18812                 NaN            NaN            NaN   10.4838                 NaN   20.0667
933.251        6010.10        66.2403                 NaN   3.20432                 NaN            NaN            NaN   10.4860                 NaN   20.0693
935.271        6212.12        66.2188                 NaN   3.22083                 NaN            NaN            NaN   10.4884                 NaN   20.0720
937.291        6414.14        66.1963                 NaN   3.23802                 NaN            NaN            NaN   10.4911                 NaN   20.0747
939.312        6616.16        66.1724                 NaN   3.25610                 NaN            NaN            NaN   10.4942                 NaN   20.0773
941.332        6818.18        66.1471                 NaN   3.27512                 NaN            NaN            NaN   10.4978                 NaN   20.0801
943.352        7020.20        66.1204                 NaN   3.29509                 NaN            NaN            NaN   10.5018                 NaN   20.0827
945.372        7222.22        66.0931                 NaN   3.31588                 NaN            NaN            NaN   10.5060                 NaN   20.0850
947.392        7424.24        66.0648                 NaN   3.33695                 NaN            NaN            NaN   10.5105                 NaN   20.0877
949.413        7626.26        66.0343                 NaN   3.35983                 NaN            NaN            NaN   10.5157                 NaN   20.0901
951.433        7828.28        66.0035                 NaN   3.38309                 NaN            NaN            NaN   10.5210                 NaN   20.0924
953.453        8030.30        62.4401                 NaN   5.41601                 NaN   4.71700                 NaN   11.5932                 NaN   15.8337
955.473        8232.32        58.6175                 NaN   7.61034                 NaN   9.76108                 NaN   12.7415                 NaN   11.2695
957.493        8434.34        55.6329                 NaN   9.34763                 NaN   13.6507                 NaN   13.6343                 NaN   7.73446
959.514        8636.36        52.8990                 NaN   10.9400                 NaN   17.1981                 NaN   14.4506                 NaN   4.51222
961.534        8838.38        49.9047                 NaN   12.6741                 NaN   21.1027                 NaN   15.3450                 NaN  0.973525
963.554        9040.40        48.9788                 NaN   13.1452                 NaN   22.2596                 NaN   15.6164                 NaN            NaN
965.574        9242.42        48.8293                 NaN   13.1097                 NaN   22.4063                 NaN   15.6547                 NaN            NaN
967.594        9444.44        48.6705                 NaN   13.0726                 NaN   22.5611                 NaN   15.6958                 NaN            NaN
969.615        9646.46        48.5166                 NaN   13.0381                 NaN   22.7099                 NaN   15.7354                 NaN            NaN
971.635        9848.48        48.3490                 NaN   12.9988                 NaN   22.8732                 NaN   15.7790                 NaN            NaN
973.655        10050.5        48.1796                 NaN   12.9592                 NaN   23.0381                 NaN   15.8231                 NaN            NaN
975.675        10252.5        48.0038                 NaN   12.9182                 NaN   23.2089                 NaN   15.8691                 NaN            NaN
977.695        10454.5        47.8247                 NaN   12.8772                 NaN   23.3819                 NaN   15.9161                 NaN            NaN
979.716        10656.6        47.6219                 NaN   12.8279                 NaN   23.5803                 NaN   15.9699                 NaN            NaN
981.736        10858.6        47.4337                 NaN   12.7849                 NaN   23.7619                 NaN   16.0195                 NaN            NaN
983.756        11060.6        47.2278                 NaN   12.7350                 NaN   23.9631                 NaN   16.0742                 NaN            NaN
985.776        11262.6        47.0217                 NaN   12.6927                 NaN   24.1568                 NaN   16.1288                 NaN            NaN
987.796        11464.6        46.8045                 NaN   12.6435                 NaN   24.3653                 NaN   16.1867                 NaN            NaN
989.817        11666.7        46.5801                 NaN   12.5949                 NaN   24.5784                 NaN   16.2466                 NaN            NaN
991.837        11868.7        46.3363                 NaN   12.5412                 NaN   24.8104                 NaN   16.3122                 NaN            NaN
993.857        12070.7        46.0870                 NaN   12.4888                 NaN   25.0450                 NaN   16.3792                 NaN            NaN
995.877        12272.7        45.8355                 NaN   12.4394                 NaN   25.2783                 NaN   16.4468                 NaN            NaN
997.897        12474.7        45.5788                 NaN   12.3909                 NaN   25.5144                 NaN   16.5158                 NaN            NaN
999.918        12676.8        45.2812                 NaN   12.3383                 NaN   25.7840                 NaN   16.5965                 NaN            NaN
1001.94        12878.8        45.0183                 NaN   12.2971                 NaN   26.0174                 NaN   16.6672                 NaN            NaN
1003.96        13080.8        44.7148                 NaN   12.2561                 NaN   26.2797                 NaN   16.7494                 NaN            NaN
1005.98        13282.8        44.3832                 NaN   12.2196                 NaN   26.5579                 NaN   16.8394                 NaN            NaN
1008.00        13484.8        44.0659                 NaN   12.1812                 NaN   26.8275                 NaN   16.9253                 NaN            NaN
1010.02        13686.9        43.7209                 NaN   12.1617                 NaN   27.0985                 NaN   17.0188                 NaN            NaN
1012.04        13888.9        43.3615                 NaN   12.1449                 NaN   27.3772                 NaN   17.1164                 NaN            NaN
1014.06        14090.9        41.9468                 NaN   13.2241                 NaN   27.0445       0.565482        17.2192                 NaN            NaN
1016.08        14292.9        40.3088                 NaN   14.5671                 NaN   26.5633        1.22602        17.3348                 NaN            NaN
1018.10        14494.9        38.7125                 NaN   15.8911                 NaN   26.1038        1.82232        17.4704                 NaN            NaN
1020.12        14697.0        37.1498                 NaN   17.1991                 NaN   25.6719        2.34768        17.6315                 NaN            NaN
1022.14        14899.0        35.5608                 NaN   18.5382                 NaN   25.2423        2.84546        17.8132                 NaN            NaN
1024.16        15101.0        33.9352                 NaN   19.9125                 NaN   24.8383        3.27655        18.0375                 NaN            NaN
1026.18        15303.0        32.2742                 NaN   21.2984                 NaN   24.4916        3.62218        18.3136                 NaN            NaN
1028.20        15505.1        30.4230                 NaN   22.8904                 NaN   24.0174        4.08811        18.5811                 NaN            NaN
1030.22        15707.1        28.5048                 NaN   24.4998                 NaN   23.6331        4.43754        18.9247                 NaN            NaN
1032.24        15909.1        26.2497                 NaN   26.3407                 NaN   23.3024        4.70844        19.3989                 NaN            NaN
1034.26        16111.1        24.0931                 NaN   28.1753                 NaN   22.8536        5.08508        19.7928                 NaN            NaN
1036.28        16313.1        20.8092                 NaN   30.7497                 NaN   22.5687        5.29453        20.5778                 NaN            NaN
1038.30        16515.2        18.6461                 NaN   32.6042                 NaN   22.1149        5.65305        20.9818                 NaN            NaN
1040.32        16717.2        15.6752                 NaN   35.0090                 NaN   21.7404        5.92762        21.6478                 NaN            NaN
1042.34        16919.2        11.8097                 NaN   38.0320                 NaN   21.4109        6.17674        22.5707                 NaN            NaN
1044.36        17121.2        7.73648                 NaN   41.2061                 NaN   21.0811        6.42699        23.5493                 NaN            NaN
1046.38        17323.2        3.76100                 NaN   44.3290                 NaN   20.7279        6.68564        24.4965                 NaN            NaN
1048.40        17525.3                 NaN            NaN   47.2494                 NaN   20.4232        6.93846        25.3890                 NaN            NaN
1050.42        17727.3                 NaN            NaN   47.2180                 NaN   20.4790        6.90134        25.4016                 NaN            NaN
1052.44        17929.3                 NaN            NaN   47.1914                 NaN   20.5163        6.89056        25.4017                 NaN            NaN
1054.46        18131.3                 NaN            NaN   47.1616                 NaN   20.5570        6.87948        25.4020                 NaN            NaN
1056.48        18333.3                 NaN            NaN   47.1304                 NaN   20.5990        6.86810        25.4025                 NaN            NaN
1058.50        18535.4                 NaN            NaN   47.1000                 NaN   20.6378        6.86152        25.4007                 NaN            NaN
1060.52        18737.4                 NaN            NaN   47.0671                 NaN   20.6819        6.84949        25.4016                 NaN            NaN
1062.54        18939.4                 NaN            NaN   47.0366                 NaN   20.7231        6.83829        25.4020                 NaN            NaN
1064.56        19141.4                 NaN            NaN   46.9993                 NaN   20.7709        6.82728        25.4026                 NaN            NaN
1066.58        19343.4                 NaN            NaN   46.9725                 NaN   20.8068        6.81907        25.4016                 NaN            NaN
1068.60        19545.5                 NaN            NaN   46.9407                 NaN   20.8491        6.80817        25.4020                 NaN            NaN
1070.62        19747.5                 NaN            NaN   46.9082                 NaN   20.8918        6.79760        25.4023                 NaN            NaN
1072.64        19949.5                 NaN            NaN   46.8747                 NaN   20.9360        6.78627        25.4031                 NaN            NaN
1074.67        20151.5                 NaN            NaN   46.8451                 NaN   20.9771        6.77333        25.4045                 NaN            NaN
1076.69        20353.5                 NaN            NaN   46.8094                 NaN   21.0202        6.76792        25.4025                 NaN            NaN
1078.71        20555.6                 NaN            NaN   46.7749                 NaN   21.0684        6.75042        25.4063                 NaN            NaN
1080.73        20757.6                 NaN            NaN   46.7456                 NaN   21.1070        6.74173        25.4057                 NaN            NaN
1082.75        20959.6                 NaN            NaN   46.7147                 NaN   21.1495        6.72833        25.4075                 NaN            NaN
1084.77        21161.6                 NaN            NaN   46.6762                 NaN   21.1979        6.71782        25.4081                 NaN            NaN
1086.79        21363.6                 NaN            NaN   46.6455                 NaN   21.2394        6.70590        25.4092                 NaN            NaN
1088.81        21565.7                 NaN            NaN   46.6137                 NaN   21.2825        6.69311        25.4108                 NaN            NaN
1090.83        21767.7                 NaN            NaN   46.5753                 NaN   21.3324        6.67942        25.4129                 NaN            NaN
1092.85        21969.7                 NaN            NaN   46.5448                 NaN   21.3733        6.66827        25.4137                 NaN            NaN
1094.87        22171.7                 NaN            NaN   46.5088                 NaN   21.4187        6.65857        25.4139                 NaN            NaN
1096.89        22373.7                 NaN            NaN   46.4744                 NaN   21.4639        6.64633        25.4154                 NaN            NaN
1098.91        22575.8                 NaN            NaN   46.4379                 NaN   21.5115        6.63338        25.4172                 NaN            NaN
1100.93        22777.8                 NaN            NaN   46.4046                 NaN   21.5553        6.62162        25.4185                 NaN            NaN
1102.95        22979.8                 NaN            NaN   46.3726                 NaN   21.5979        6.60979        25.4197                 NaN            NaN
1104.97        23181.8                 NaN            NaN   46.3344                 NaN   21.6477        6.59577        25.4221                 NaN            NaN
1106.99        23383.8                 NaN            NaN   46.3029                 NaN   21.6896        6.58420        25.4233                 NaN            NaN
1109.01        23585.9                 NaN            NaN   46.2617                 NaN   21.7425        6.56973        25.4261                 NaN            NaN
1111.03        23787.9                 NaN            NaN   46.2330                 NaN   21.7817        6.55791        25.4273                 NaN            NaN
1113.05        23989.9                 NaN            NaN   46.1975                 NaN   21.8289        6.54374        25.4299                 NaN            NaN
1115.07        24191.9                 NaN            NaN   46.1614                 NaN   21.8750        6.53281        25.4309                 NaN            NaN
1117.09        24393.9                 NaN            NaN   46.1170                 NaN   21.9393        6.50236        25.4413                 NaN            NaN
1119.11        24596.0                 NaN            NaN   46.0890                 NaN   21.9694        6.50649        25.4351                 NaN            NaN
1121.13        24798.0                 NaN            NaN   46.0476                 NaN   22.0231        6.49077        25.4385                 NaN            NaN
1123.15        25000.0                 NaN            NaN   46.0198                 NaN   22.0608        6.48002        25.4394                 NaN            NaN
