|6.6.6
hacker_2015_bin_4_1.tab
1
T(K)
200.00000000000011
200.00000000000011
1243272438
11
T(K)           P(bar)         Pl             Pl             Cpx            Cpx            Gt             ky             qtz            coes           Opx
923.150        5000.00        63.9950                 NaN   1.70800                 NaN            NaN            NaN   19.1551                 NaN   15.1419
925.170        5202.02        63.9868                 NaN   1.71653                 NaN            NaN            NaN   19.1516                 NaN   15.1451
927.190        5404.04        63.9781                 NaN   1.72572                 NaN            NaN            NaN   19.1484                 NaN   15.1478
929.211        5606.06        63.9686                 NaN   1.73530                 NaN            NaN            NaN   19.1456                 NaN   15.1505
931.231        5808.08        63.9584                 NaN   1.74527                 NaN            NaN            NaN   19.1431                 NaN   15.1532
933.251        6010.10        63.9473                 NaN   1.75587                 NaN            NaN            NaN   19.1410                 NaN   15.1558
935.271        6212.12        63.9358                 NaN   1.76669                 NaN            NaN            NaN   19.1391                 NaN   15.1584
937.291        6414.14        63.9235                 NaN   1.77795                 NaN            NaN            NaN   19.1376                 NaN   15.1609
939.312        6616.16        63.9103                 NaN   1.78982                 NaN            NaN            NaN   19.1364                 NaN   15.1635
941.332        6818.18        63.8961                 NaN   1.80226                 NaN            NaN            NaN   19.1356                 NaN   15.1660
943.352        7020.20        63.8809                 NaN   1.81537                 NaN            NaN            NaN   19.1352                 NaN   15.1685
945.372        7222.22        63.8660                 NaN   1.82927                 NaN            NaN            NaN   19.1348                 NaN   15.1699
947.392        7424.24        63.8487                 NaN   1.84300                 NaN            NaN            NaN   19.1352                 NaN   15.1732
949.413        7626.26        63.8307                 NaN   1.85807                 NaN            NaN            NaN   19.1358                 NaN   15.1755
951.433        7828.28        62.9635                 NaN   2.34821                 NaN   1.12778                 NaN   19.4123                 NaN   14.1483
953.453        8030.30        60.1173                 NaN   3.96279                 NaN   4.86428                 NaN   20.3295                 NaN   10.7261
955.473        8232.32        57.0313                 NaN   5.70746                 NaN   8.92469                 NaN   21.3243                 NaN   7.01233
957.493        8434.34        54.9457                 NaN   6.91190                 NaN   11.6213                 NaN   21.9915                 NaN   4.52971
959.514        8636.36        52.7424                 NaN   8.17752                 NaN   14.4786                 NaN   22.6965                 NaN   1.90485
961.534        8838.38        51.1159                 NaN   9.09574                 NaN   16.5739                 NaN   23.2145                 NaN            NaN
963.554        9040.40        51.0103                 NaN   9.06633                 NaN   16.6820                 NaN   23.2413                 NaN            NaN
965.574        9242.42        50.9052                 NaN   9.03729                 NaN   16.7894                 NaN   23.2681                 NaN            NaN
967.594        9444.44        50.7903                 NaN   9.00371                 NaN   16.9081                 NaN   23.2979                 NaN            NaN
969.615        9646.46        50.6801                 NaN   8.97363                 NaN   17.0200                 NaN   23.3263                 NaN            NaN
971.635        9848.48        50.5592                 NaN   8.93878                 NaN   17.1440                 NaN   23.3580                 NaN            NaN
973.655        10050.5        50.4370                 NaN   8.90359                 NaN   17.2692                 NaN   23.3902                 NaN            NaN
975.675        10252.5        50.3106                 NaN   8.86748                 NaN   17.3982                 NaN   23.4237                 NaN            NaN
977.695        10454.5        50.1819                 NaN   8.83120                 NaN   17.5290                 NaN   23.4579                 NaN            NaN
979.716        10656.6        50.0352                 NaN   8.78659                 NaN   17.6805                 NaN   23.4977                 NaN            NaN
981.736        10858.6        49.8999                 NaN   8.74808                 NaN   17.8180                 NaN   23.5340                 NaN            NaN
983.756        11060.6        49.7527                 NaN   8.70513                 NaN   17.9682                 NaN   23.5740                 NaN            NaN
985.776        11262.6        49.6041                 NaN   8.66342                 NaN   18.1181                 NaN   23.6144                 NaN            NaN
987.796        11464.6        49.4479                 NaN   8.61835                 NaN   18.2766                 NaN   23.6572                 NaN            NaN
989.817        11666.7        49.2846                 NaN   8.57190                 NaN   18.4414                 NaN   23.7021                 NaN            NaN
991.837        11868.7        49.1094                 NaN   8.52158                 NaN   18.6183                 NaN   23.7507                 NaN            NaN
993.857        12070.7        48.9311                 NaN   8.47365                 NaN   18.7951                 NaN   23.8002                 NaN            NaN
995.877        12272.7        48.7494                 NaN   8.42276                 NaN   18.9771                 NaN   23.8508                 NaN            NaN
997.897        12474.7        48.5657                 NaN   8.37512                 NaN   19.1572                 NaN   23.9019                 NaN            NaN
999.918        12676.8        48.3518                 NaN   8.31908                 NaN   19.3668                 NaN   23.9623                 NaN            NaN
1001.94        12878.8        48.1632                 NaN   8.27393                 NaN   19.5480                 NaN   24.0148                 NaN            NaN
1003.96        13080.8        47.9488                 NaN   8.22506                 NaN   19.7509                 NaN   24.0752                 NaN            NaN
1005.98        13282.8        47.7141                 NaN   8.17500                 NaN   19.9692                 NaN   24.1417                 NaN            NaN
1008.00        13484.8        47.4730                 NaN   8.13026                 NaN   20.1868                 NaN   24.2100                 NaN            NaN
1010.02        13686.9        47.2307                 NaN   8.08883                 NaN   20.4019                 NaN   24.2786                 NaN            NaN
1012.04        13888.9        46.9730                 NaN   8.05677                 NaN   20.6187                 NaN   24.3516                 NaN            NaN
1014.06        14090.9        46.7150                 NaN   8.02371                 NaN   20.8366                 NaN   24.4246                 NaN            NaN
1016.08        14292.9        46.1468                 NaN   8.28409                 NaN   20.9046       0.153849        24.5107                 NaN            NaN
1018.10        14494.9        44.7537                 NaN   9.38204                 NaN   20.5165       0.719016        24.6288                 NaN            NaN
1020.12        14697.0        43.2802                 NaN   10.5779                 NaN   20.0836        1.29359        24.7647                 NaN            NaN
1022.14        14899.0        41.8509                 NaN   11.7524                 NaN   19.6808        1.79041        24.9254                 NaN            NaN
1024.16        15101.0        40.3938                 NaN   12.9634                 NaN   19.3066        2.19993        25.1362                 NaN            NaN
1026.18        15303.0        38.8307                 NaN   14.2574                 NaN   18.8834        2.69082        25.3377                 NaN            NaN
1028.20        15505.1        37.1202                 NaN   15.7032                 NaN   18.4003        3.20991        25.5665                 NaN            NaN
1030.22        15707.1        35.4129                 NaN   17.1326                 NaN   17.9948        3.60459        25.8552                 NaN            NaN
1032.24        15909.1        33.4637                 NaN   18.7336                 NaN   17.6322        3.91751        26.2530                 NaN            NaN
1034.26        16111.1        31.5338                 NaN   20.3699                 NaN   17.1646        4.34217        26.5895                 NaN            NaN
1036.28        16313.1        28.8012                 NaN   22.5343                 NaN   16.8364        4.57933        27.2489                 NaN            NaN
1038.30        16515.2        26.8632                 NaN   24.1952                 NaN   16.3598        4.98628        27.5955                 NaN            NaN
1040.32        16717.2        24.3345                 NaN   26.2557                 NaN   15.9543        5.29600        28.1595                 NaN            NaN
1042.34        16919.2        21.4084                 NaN   28.5926                 NaN   15.5684        5.58116        28.8495                 NaN            NaN
1044.36        17121.2        18.2817                 NaN   31.0729                 NaN   15.1844        5.86199        29.5989                 NaN            NaN
1046.38        17323.2        14.7501                 NaN   33.8284                 NaN   14.8209        6.12940        30.4712                 NaN            NaN
1048.40        17525.3        10.7031                 NaN   36.9375                 NaN   14.4753        6.38853        31.4955                 NaN            NaN
1050.42        17727.3        6.14495                 NaN   40.3962                 NaN   14.1467        6.64367        32.6685                 NaN            NaN
1052.44        17929.3        1.43423                 NaN   43.9611                 NaN   13.8211        6.89874        33.8849                 NaN            NaN
1054.46        18131.3                 NaN            NaN   45.0181                 NaN   13.7610        6.96321        34.2577                 NaN            NaN
1056.48        18333.3                 NaN            NaN   45.0051                 NaN   13.7807        6.96223        34.2520                 NaN            NaN
1058.50        18535.4                 NaN            NaN   44.9885                 NaN   13.8051        6.95883        34.2475                 NaN            NaN
1060.52        18737.4                 NaN            NaN   44.9743                 NaN   13.8268        6.95630        34.2427                 NaN            NaN
1062.54        18939.4                 NaN            NaN   44.9589                 NaN   13.8501        6.95268        34.2384                 NaN            NaN
1064.56        19141.4                 NaN            NaN   44.9434                 NaN   13.8727        6.95061        34.2334                 NaN            NaN
1066.58        19343.4                 NaN            NaN   44.9279                 NaN   13.8948        6.94914        34.2281                 NaN            NaN
1068.60        19545.5                 NaN            NaN   44.9107                 NaN   13.9197        6.94584        34.2238                 NaN            NaN
1070.62        19747.5                 NaN            NaN   44.8921                 NaN   13.9455        6.94294        34.2194                 NaN            NaN
1072.64        19949.5                 NaN            NaN   44.8795                 NaN   13.9662        6.93900        34.2153                 NaN            NaN
1074.67        20151.5                 NaN            NaN   44.8628                 NaN   13.9910        6.93457        34.2117                 NaN            NaN
1076.69        20353.5                 NaN            NaN   44.8452                 NaN   14.0132        6.93655        34.2050                 NaN            NaN
1078.71        20555.6                 NaN            NaN   44.7778                 NaN   14.1025        6.90401        34.2157                 NaN            NaN
1080.73        20757.6                 NaN            NaN   44.8165                 NaN   14.0585        6.92689        34.1981                 NaN            NaN
1082.75        20959.6                 NaN            NaN   44.7914                 NaN   14.0937        6.91828        34.1966                 NaN            NaN
1084.77        21161.6                 NaN            NaN   44.7863                 NaN   14.1029        6.92151        34.1892                 NaN            NaN
1086.79        21363.6                 NaN            NaN   44.7663                 NaN   14.1322        6.91454        34.1870                 NaN            NaN
1088.81        21565.7                 NaN            NaN   44.7495                 NaN   14.1571        6.90971        34.1837                 NaN            NaN
1090.83        21767.7                 NaN            NaN   44.7300                 NaN   14.1841        6.90573        34.1801                 NaN            NaN
1092.85        21969.7                 NaN            NaN   44.7158                 NaN   14.2059        6.90206        34.1762                 NaN            NaN
1094.87        22171.7                 NaN            NaN   44.6959                 NaN   14.2330        6.89884        34.1723                 NaN            NaN
1096.89        22373.7                 NaN            NaN   44.6760                 NaN   14.2606        6.89425        34.1691                 NaN            NaN
1098.91        22575.8                 NaN            NaN   44.6643                 NaN   14.2795        6.89128        34.1649                 NaN            NaN
1100.93        22777.8                 NaN            NaN   44.6470                 NaN   14.3045        6.88694        34.1616                 NaN            NaN
1102.95        22979.8                 NaN            NaN   44.6366                 NaN   14.3219        6.88426        34.1573                 NaN            NaN
1104.97        23181.8                 NaN            NaN   44.6158                 NaN   14.3509        6.87853        34.1547                 NaN            NaN
1106.99        23383.8                 NaN            NaN   44.5983                 NaN   14.3758        6.87455        34.1513                 NaN            NaN
1109.01        23585.9                 NaN            NaN   44.5769                 NaN   14.4059        6.86816        34.1491                 NaN            NaN
1111.03        23787.9                 NaN            NaN   44.5577                 NaN   14.4335        6.86212        34.1467                 NaN            NaN
1113.05        23989.9                 NaN            NaN   44.5406                 NaN   14.4588        6.85647        34.1441                 NaN            NaN
1115.07        24191.9                 NaN            NaN   44.5180                 NaN   14.4890        6.85181        34.1412                 NaN            NaN
1117.09        24393.9                 NaN            NaN   44.5094                 NaN   14.5044        6.84920        34.1370                 NaN            NaN
1119.11        24596.0                 NaN            NaN   44.4837                 NaN   14.5388        6.84221        34.1353                 NaN            NaN
1121.13        24798.0                 NaN            NaN   44.4687                 NaN   14.5608        6.83868        34.1318                 NaN            NaN
1123.15        25000.0                 NaN            NaN   44.4500                 NaN   14.5876        6.83312        34.1293                 NaN            NaN
