|6.6.6
si56_norm_1.tab
1
T(K)
200.00000000000011
200.00000000000011
-2119551754
11
T(K)           P(bar)         Pl             Pl             Cpx            Cpx            Opx            Gt             ky             qtz            coes
923.150        5000.00        59.6407                 NaN   7.25004                 NaN   24.5532                 NaN            NaN   8.55610                 NaN
925.170        5202.02        59.6090                 NaN   7.27341                 NaN   24.5566                 NaN            NaN   8.56093                 NaN
927.190        5404.04        59.5764                 NaN   7.29796                 NaN   24.5595                 NaN            NaN   8.56611                 NaN
929.211        5606.06        59.5422                 NaN   7.32355                 NaN   24.5625                 NaN            NaN   8.57180                 NaN
931.231        5808.08        59.5067                 NaN   7.35002                 NaN   24.5654                 NaN            NaN   8.57788                 NaN
933.251        6010.10        59.4694                 NaN   7.37793                 NaN   24.5682                 NaN            NaN   8.58453                 NaN
935.271        6212.12        59.4313                 NaN   7.40632                 NaN   24.5710                 NaN            NaN   8.59143                 NaN
937.291        6414.14        59.3917                 NaN   7.43579                 NaN   24.5737                 NaN            NaN   8.59879                 NaN
939.312        6616.16        59.3499                 NaN   7.46678                 NaN   24.5765                 NaN            NaN   8.60679                 NaN
941.332        6818.18        59.3059                 NaN   7.49924                 NaN   24.5794                 NaN            NaN   8.61540                 NaN
943.352        7020.20        59.2595                 NaN   7.53345                 NaN   24.5823                 NaN            NaN   8.62471                 NaN
945.372        7222.22        59.2126                 NaN   7.56845                 NaN   24.5847                 NaN            NaN   8.63420                 NaN
947.392        7424.24        59.1638                 NaN   7.60441                 NaN   24.5875                 NaN            NaN   8.64423                 NaN
949.413        7626.26        59.1118                 NaN   7.64282                 NaN   24.5903                 NaN            NaN   8.65516                 NaN
951.433        7828.28        59.0586                 NaN   7.68234                 NaN   24.5926                 NaN            NaN   8.66642                 NaN
953.453        8030.30        59.0028                 NaN   7.72355                 NaN   24.5953                 NaN            NaN   8.67841                 NaN
955.473        8232.32        58.5435                 NaN   7.99565                 NaN   24.1295       0.523658                 NaN   8.80762                 NaN
957.493        8434.34        54.2878                 NaN   10.4406                 NaN   19.2325        6.00044                 NaN   10.0385                 NaN
959.514        8636.36        50.2583                 NaN   12.7776                 NaN   14.6162        11.1465                 NaN   11.2015                 NaN
961.534        8838.38        45.9017                 NaN   15.2820                 NaN   9.61660        16.7406                 NaN   12.4591                 NaN
963.554        9040.40        42.4315                 NaN   17.3023                 NaN   5.67933        21.1300                 NaN   13.4569                 NaN
965.574        9242.42        40.1355                 NaN   18.6749                 NaN   3.14031        23.9365                 NaN   14.1128                 NaN
967.594        9444.44        37.3985                 NaN   20.2888                 NaN  0.792028E-001   27.3371                 NaN   14.8963                 NaN
969.615        9646.46        37.1192                 NaN   20.3182                 NaN            NaN   27.5929                 NaN   14.9696                 NaN
971.635        9848.48        36.8952                 NaN   20.3023                 NaN            NaN   27.7756                 NaN   15.0268                 NaN
973.655        10050.5        36.6733                 NaN   20.2883                 NaN            NaN   27.9549                 NaN   15.0835                 NaN
975.675        10252.5        36.4408                 NaN   20.2750                 NaN            NaN   28.1411                 NaN   15.1431                 NaN
977.695        10454.5        36.2021                 NaN   20.2618                 NaN            NaN   28.3317                 NaN   15.2043                 NaN
979.716        10656.6        35.9337                 NaN   20.2478                 NaN            NaN   28.5446                 NaN   15.2739                 NaN
981.736        10858.6        35.6832                 NaN   20.2360                 NaN            NaN   28.7424                 NaN   15.3384                 NaN
983.756        11060.6        35.4118                 NaN   20.2263                 NaN            NaN   28.9532                 NaN   15.4087                 NaN
985.776        11262.6        35.1355                 NaN   20.2193                 NaN            NaN   29.1650                 NaN   15.4803                 NaN
987.796        11464.6        34.8457                 NaN   20.2117                 NaN            NaN   29.3870                 NaN   15.5556                 NaN
989.817        11666.7        34.5416                 NaN   20.2090                 NaN            NaN   29.6147                 NaN   15.6347                 NaN
991.837        11868.7        34.2166                 NaN   20.2108                 NaN            NaN   29.8530                 NaN   15.7196                 NaN
993.857        12070.7        33.8795                 NaN   20.2156                 NaN            NaN   30.0971                 NaN   15.8078                 NaN
995.877        12272.7        33.5416                 NaN   20.2271                 NaN            NaN   30.3352                 NaN   15.8960                 NaN
997.897        12474.7        33.1915                 NaN   20.2395                 NaN            NaN   30.5814                 NaN   15.9876                 NaN
999.918        12676.8        32.7845                 NaN   20.2724                 NaN            NaN   30.8484                 NaN   16.0947                 NaN
1001.94        12878.8        32.4204                 NaN   20.3000                 NaN            NaN   31.0897                 NaN   16.1899                 NaN
1003.96        13080.8        32.0073                 NaN   20.3484                 NaN            NaN   31.3460                 NaN   16.2983                 NaN
1005.98        13282.8        31.5544                 NaN   20.4140                 NaN            NaN   31.6141                 NaN   16.4175                 NaN
1008.00        13484.8        30.8127                 NaN   20.7997                 NaN            NaN   31.6928       0.163242        16.5315                 NaN
1010.02        13686.9        29.4783                 NaN   21.8925                 NaN            NaN   31.3525       0.623005        16.6537                 NaN
1012.04        13888.9        28.2249                 NaN   22.9120                 NaN            NaN   31.0572        1.02061        16.7853                 NaN
1014.06        14090.9        26.6677                 NaN   24.2142                 NaN            NaN   30.6139        1.59436        16.9098                 NaN
1016.08        14292.9        25.3488                 NaN   25.3097                 NaN            NaN   30.3042        1.96611        17.0712                 NaN
1018.10        14494.9        24.0117                 NaN   26.4237                 NaN            NaN   30.0083        2.30052        17.2558                 NaN
1020.12        14697.0        22.6336                 NaN   27.5686                 NaN            NaN   29.7274        2.60356        17.4668                 NaN
1022.14        14899.0        21.1833                 NaN   28.7759                 NaN            NaN   29.4499        2.88195        17.7090                 NaN
1024.16        15101.0        19.6222                 NaN   30.0543                 NaN            NaN   29.1998        3.12622        17.9975                 NaN
1026.18        15303.0        17.9251                 NaN   31.4193                 NaN            NaN   28.9886        3.31929        18.3477                 NaN
1028.20        15505.1        16.1461                 NaN   32.9016                 NaN            NaN   28.6830        3.58801        18.6813                 NaN
1030.22        15707.1        14.1521                 NaN   34.5087                 NaN            NaN   28.4441        3.78906        19.1059                 NaN
1032.24        15909.1        11.6582                 NaN   36.4570                 NaN            NaN   28.2532        3.94598        19.6856                 NaN
1034.26        16111.1        9.42685                 NaN   38.2798                 NaN            NaN   27.9643        4.16596        20.1631                 NaN
1036.28        16313.1        6.04178                 NaN   40.8746                 NaN            NaN   27.7890        4.30740        20.9872                 NaN
1038.30        16515.2        3.18550                 NaN   43.1367                 NaN            NaN   27.5368        4.49356        21.6475                 NaN
1040.32        16717.2                 NaN            NaN   45.6532                 NaN            NaN   27.2628        4.69759        22.3863                 NaN
1042.34        16919.2                 NaN            NaN   45.5893                 NaN            NaN   27.3568        4.64819        22.4057                 NaN
1044.36        17121.2                 NaN            NaN   45.5385                 NaN            NaN   27.4238        4.62563        22.4121                 NaN
1046.38        17323.2                 NaN            NaN   45.4889                 NaN            NaN   27.4894        4.60360        22.4181                 NaN
1048.40        17525.3                 NaN            NaN   45.4478                 NaN            NaN   27.5448        4.58499        22.4224                 NaN
1050.42        17727.3                 NaN            NaN   45.3927                 NaN            NaN   27.6171        4.56028        22.4299                 NaN
1052.44        17929.3                 NaN            NaN   45.3396                 NaN            NaN   27.6868        4.53667        22.4369                 NaN
1054.46        18131.3                 NaN            NaN   45.2891                 NaN            NaN   27.7545        4.51223        22.4442                 NaN
1056.48        18333.3                 NaN            NaN   45.2387                 NaN            NaN   27.8223        4.48723        22.4518                 NaN
1058.50        18535.4                 NaN            NaN   45.1838                 NaN            NaN   27.8918        4.46722        22.4572                 NaN
1060.52        18737.4                 NaN            NaN   45.1351                 NaN            NaN   27.9573        4.44326        22.4643                 NaN
1062.54        18939.4                 NaN            NaN   45.0812                 NaN            NaN   28.0287        4.41791        22.4722                 NaN
1064.56        19141.4                 NaN            NaN   45.0309                 NaN            NaN   28.0942        4.39681        22.4780                 NaN
1066.58        19343.4                 NaN            NaN   44.9829                 NaN            NaN   28.1567        4.37738        22.4831                 NaN
1068.60        19545.5                 NaN            NaN   44.9250                 NaN            NaN   28.2323        4.35117        22.4915                 NaN
1070.62        19747.5                 NaN            NaN   44.8695                 NaN            NaN   28.3046        4.32687        22.4990                 NaN
1072.64        19949.5                 NaN            NaN   44.8031                 NaN            NaN   28.3900        4.29794        22.5090                 NaN
1074.67        20151.5                 NaN            NaN   44.7628                 NaN            NaN   28.4460        4.27603        22.5152                 NaN
1076.69        20353.5                 NaN            NaN   44.7090                 NaN            NaN   28.5130        4.25869        22.5194                 NaN
1078.71        20555.6                 NaN            NaN   44.6575                 NaN            NaN   28.5837        4.22974        22.5291                 NaN
1080.73        20757.6                 NaN            NaN   44.5992                 NaN            NaN   28.6588        4.20503        22.5370                 NaN
1082.75        20959.6                 NaN            NaN   44.5492                 NaN            NaN   28.7264        4.17904        22.5453                 NaN
1084.77        21161.6                 NaN            NaN   44.4930                 NaN            NaN   28.7975        4.15820        22.5513                 NaN
1086.79        21363.6                 NaN            NaN   44.4399                 NaN            NaN   28.8680        4.13245        22.5597                 NaN
1088.81        21565.7                 NaN            NaN   44.3824                 NaN            NaN   28.9444        4.10363        22.5695                 NaN
1090.83        21767.7                 NaN            NaN   44.3245                 NaN            NaN   29.0186        4.07991        22.5770                 NaN
1092.85        21969.7                 NaN            NaN   44.2650                 NaN            NaN   29.0963        4.05247        22.5863                 NaN
1094.87        22171.7                 NaN            NaN   44.2115                 NaN            NaN   29.1642        4.03223        22.5920                 NaN
1096.89        22373.7                 NaN            NaN   44.1562                 NaN            NaN   29.2364        4.00739        22.6001                 NaN
1098.91        22575.8                 NaN            NaN   44.0934                 NaN            NaN   29.3172        3.97999        22.6094                 NaN
1100.93        22777.8                 NaN            NaN   44.0410                 NaN            NaN   29.3860        3.95601        22.6170                 NaN
1102.95        22979.8                 NaN            NaN   43.9830                 NaN            NaN   29.4614        3.92992        22.6257                 NaN
1104.97        23181.8                 NaN            NaN   43.9236                 NaN            NaN   29.5385        3.90311        22.6348                 NaN
1106.99        23383.8                 NaN            NaN   43.8677                 NaN            NaN   29.6111        3.87833        22.6428                 NaN
1109.01        23585.9                 NaN            NaN   43.8065                 NaN            NaN   29.6904        3.85090        22.6523                 NaN
1111.03        23787.9                 NaN            NaN   43.7552                 NaN            NaN   29.7582        3.82633        22.6602                 NaN
1113.05        23989.9                 NaN            NaN   43.6967                 NaN            NaN   29.8351        3.79825        22.6699                 NaN
1115.07        24191.9                 NaN            NaN   43.6328                 NaN            NaN   29.9156        3.77340        22.6782                 NaN
1117.09        24393.9                 NaN            NaN   43.5761                 NaN            NaN   29.9902        3.74606        22.6876                 NaN
1119.11        24596.0                 NaN            NaN   43.5158                 NaN            NaN   30.0672        3.72125        22.6958                 NaN
1121.13        24798.0                 NaN            NaN   43.4558                 NaN            NaN   30.1450        3.69390        22.7052                 NaN
1123.15        25000.0                 NaN            NaN   43.4010                 NaN            NaN   30.2164        3.66926        22.7133                 NaN
