|6.6.6
si52_norm_1.tab
1
T(K)
200.00000000000011
200.00000000000011
116241654
13
T(K) P(bar) Pl Pl Cpx Cpx Opx Gt ky qtz coes Sp O
923.150 5000.00 60.4747 NaN 12.6255 NaN 24.6536 NaN NaN NaN NaN NaN 2.24628
925.170 5202.02 60.4080 NaN 12.6747 NaN 24.7032 NaN NaN NaN NaN NaN 2.21416
927.190 5404.04 60.3382 NaN 12.7266 NaN 24.7548 NaN NaN NaN NaN NaN 2.18044
929.211 5606.06 60.2644 NaN 12.7815 NaN 24.8095 NaN NaN NaN NaN NaN 2.14466
931.231 5808.08 60.1872 NaN 12.8390 NaN 24.8666 NaN NaN NaN NaN NaN 2.10722
933.251 6010.10 60.1048 NaN 12.9005 NaN 24.9276 NaN NaN NaN NaN NaN 2.06712
935.271 6212.12 60.0206 NaN 12.9635 NaN 24.9899 NaN NaN NaN NaN NaN 2.02605
937.291 6414.14 59.9321 NaN 13.0296 NaN 25.0554 NaN NaN NaN NaN NaN 1.98287
939.312 6616.16 59.8369 NaN 13.1008 NaN 25.1260 NaN NaN NaN NaN NaN 1.93627
941.332 6818.18 59.7353 NaN 13.1768 NaN 25.2014 NaN NaN NaN NaN NaN 1.88643
943.352 7020.20 59.6274 NaN 13.2576 NaN 25.2816 NaN NaN NaN NaN NaN 1.83339
945.372 7222.22 56.1836 NaN 15.3587 NaN 24.0767 4.38104 NaN NaN NaN NaN NaN
947.392 7424.24 56.1823 NaN 15.3547 NaN 24.0465 4.41650 NaN NaN NaN NaN NaN
949.413 7626.26 56.1810 NaN 15.3511 NaN 24.0179 4.45003 NaN NaN NaN NaN NaN
951.433 7828.28 56.1798 NaN 15.3465 NaN 23.9858 4.48785 NaN NaN NaN NaN NaN
953.453 8030.30 56.1784 NaN 15.3429 NaN 23.9577 4.52094 NaN NaN NaN NaN NaN
955.473 8232.32 56.1770 NaN 15.3396 NaN 23.9307 4.55261 NaN NaN NaN NaN NaN
957.493 8434.34 54.9251 NaN 16.0738 NaN 22.4813 6.18950 NaN 0.330249 NaN NaN NaN
959.514 8636.36 49.9224 NaN 19.0414 NaN 16.8004 12.5864 NaN 1.64939 NaN NaN NaN
961.534 8838.38 45.0590 NaN 21.9299 NaN 11.2928 18.7877 NaN 2.93046 NaN NaN NaN
963.554 9040.40 40.5949 NaN 24.5955 NaN 6.27338 24.4319 NaN 4.10426 NaN NaN NaN
965.574 9242.42 37.5276 NaN 26.4589 NaN 2.90624 28.1992 NaN 4.90813 NaN NaN NaN
967.594 9444.44 34.8423 NaN 28.0853 NaN NaN 31.4617 NaN 5.61061 NaN NaN NaN
969.615 9646.46 34.5640 NaN 28.0861 NaN NaN 31.6706 NaN 5.67928 NaN NaN NaN
971.635 9848.48 34.2730 NaN 28.0868 NaN NaN 31.8890 NaN 5.75116 NaN NaN NaN
973.655 10050.5 33.9911 NaN 28.0893 NaN NaN 32.0989 NaN 5.82069 NaN NaN NaN
975.675 10252.5 33.6896 NaN 28.0928 NaN NaN 32.3224 NaN 5.89520 NaN NaN NaN
977.695 10454.5 33.3808 NaN 28.0994 NaN NaN 32.5483 NaN 5.97154 NaN NaN NaN
979.716 10656.6 33.0323 NaN 28.1074 NaN NaN 32.8023 NaN 6.05797 NaN NaN NaN
981.736 10858.6 32.7076 NaN 28.1167 NaN NaN 33.0374 NaN 6.13830 NaN NaN NaN
983.756 11060.6 32.3538 NaN 28.1307 NaN NaN 33.2895 NaN 6.22602 NaN NaN NaN
985.776 11262.6 31.9923 NaN 28.1484 NaN NaN 33.5437 NaN 6.31561 NaN NaN NaN
987.796 11464.6 31.6141 NaN 28.1685 NaN NaN 33.8079 NaN 6.40943 NaN NaN NaN
989.817 11666.7 31.2135 NaN 28.1916 NaN NaN 34.0860 NaN 6.50895 NaN NaN NaN
991.837 11868.7 30.7867 NaN 28.2314 NaN NaN 34.3669 NaN 6.61497 NaN NaN NaN
993.857 12070.7 30.3425 NaN 28.2736 NaN NaN 34.6585 NaN 6.72539 NaN NaN NaN
995.877 12272.7 29.8938 NaN 28.3248 NaN NaN 34.9445 NaN 6.83684 NaN NaN NaN
997.897 12474.7 29.4204 NaN 28.3806 NaN NaN 35.2445 NaN 6.95453 NaN NaN NaN
999.918 12676.8 28.9334 NaN 28.4551 NaN NaN 35.5359 NaN 7.07549 NaN NaN NaN
1001.94 12878.8 28.3974 NaN 28.5443 NaN NaN 35.8495 NaN 7.20882 NaN NaN NaN
1003.96 13080.8 27.8311 NaN 28.6599 NaN NaN 36.1594 NaN 7.34962 NaN NaN NaN
1005.98 13282.8 26.7755 NaN 29.3233 NaN NaN 36.1552 0.269997 7.47604 NaN NaN NaN
1008.00 13484.8 25.2638 NaN 30.5654 NaN NaN 35.8025 0.767596 7.60073 NaN NaN NaN
1010.02 13686.9 23.8476 NaN 31.7285 NaN NaN 35.5106 1.15791 7.75537 NaN NaN NaN
1012.04 13888.9 22.2916 NaN 33.0171 NaN NaN 35.1546 1.63576 7.90092 NaN NaN NaN
1014.06 14090.9 20.6087 NaN 34.4351 NaN NaN 34.7405 2.16227 8.05349 NaN NaN NaN
1016.08 14292.9 19.1197 NaN 35.6728 NaN NaN 34.4574 2.49523 8.25481 NaN NaN NaN
1018.10 14494.9 17.5793 NaN 36.9533 NaN NaN 34.1871 2.79453 8.48576 NaN NaN NaN
1020.12 14697.0 15.9632 NaN 38.2919 NaN NaN 33.9296 3.06569 8.74961 NaN NaN NaN
1022.14 14899.0 14.2363 NaN 39.7144 NaN NaN 33.6839 3.31199 9.05345 NaN NaN NaN
1024.16 15101.0 12.3334 NaN 41.2675 NaN NaN 33.4525 3.53274 9.41388 NaN NaN NaN
1026.18 15303.0 10.2146 NaN 42.9585 NaN NaN 33.2696 3.70484 9.85255 NaN NaN NaN
1028.20 15505.1 8.02500 NaN 44.7621 NaN NaN 32.9965 3.93948 10.2770 NaN NaN NaN
1030.22 15707.1 5.45010 NaN 46.8071 NaN NaN 32.8032 4.10957 10.8300 NaN NaN NaN
1032.24 15909.1 2.62437 NaN 49.0532 NaN NaN 32.5983 4.27807 11.4460 NaN NaN NaN
1034.26 16111.1 NaN NaN 51.1496 NaN NaN 32.3996 4.43179 12.0190 NaN NaN NaN
1036.28 16313.1 NaN NaN 51.0624 NaN NaN 32.5082 4.39464 12.0348 NaN NaN NaN
1038.30 16515.2 NaN NaN 50.9940 NaN NaN 32.5994 4.35502 12.0516 NaN NaN NaN
1040.32 16717.2 NaN NaN 50.9136 NaN NaN 32.6978 4.32442 12.0641 NaN NaN NaN
1042.34 16919.2 NaN NaN 50.8428 NaN NaN 32.7885 4.29056 12.0781 NaN NaN NaN
1044.36 17121.2 NaN NaN 50.7639 NaN NaN 32.8889 4.25317 12.0940 NaN NaN NaN
1046.38 17323.2 NaN NaN 50.6843 NaN NaN 32.9900 4.21581 12.1099 NaN NaN NaN
1048.40 17525.3 NaN NaN 50.6067 NaN NaN 33.0889 4.17892 12.1255 NaN NaN NaN
1050.42 17727.3 NaN NaN 50.5328 NaN NaN 33.1831 4.14406 12.1401 NaN NaN NaN
1052.44 17929.3 NaN NaN 50.4575 NaN NaN 33.2790 4.10836 12.1551 NaN NaN NaN
1054.46 18131.3 NaN NaN 50.3772 NaN NaN 33.3825 4.06778 12.1726 NaN NaN NaN
1056.48 18333.3 NaN NaN 50.2969 NaN NaN 33.4858 4.02734 12.1900 NaN NaN NaN
1058.50 18535.4 NaN NaN 50.2191 NaN NaN 33.5817 3.99646 12.2027 NaN NaN NaN
1060.52 18737.4 NaN NaN 50.1361 NaN NaN 33.6886 3.95446 12.2209 NaN NaN NaN
1062.54 18939.4 NaN NaN 50.0582 NaN NaN 33.7883 3.91647 12.2371 NaN NaN NaN
1064.56 19141.4 NaN NaN 49.9748 NaN NaN 33.8931 3.87902 12.2531 NaN NaN NaN
1066.58 19343.4 NaN NaN 49.8912 NaN NaN 33.9980 3.84181 12.2690 NaN NaN NaN
1068.60 19545.5 NaN NaN 49.8095 NaN NaN 34.1016 3.80351 12.2854 NaN NaN NaN
1070.62 19747.5 NaN NaN 49.7279 NaN NaN 34.2046 3.76614 12.3014 NaN NaN NaN
1072.64 19949.5 NaN NaN 49.6484 NaN NaN 34.3057 3.72835 12.3175 NaN NaN NaN
1074.67 20151.5 NaN NaN 49.5589 NaN NaN 34.4213 3.68171 12.3381 NaN NaN NaN
1076.69 20353.5 NaN NaN 49.4849 NaN NaN 34.5105 3.65673 12.3479 NaN NaN NaN
1078.71 20555.6 NaN NaN 49.3924 NaN NaN 34.6313 3.60537 12.3709 NaN NaN NaN
1080.73 20757.6 NaN NaN 49.3020 NaN NaN 34.7442 3.56577 12.3880 NaN NaN NaN
1082.75 20959.6 NaN NaN 49.2194 NaN NaN 34.8518 3.52128 12.4075 NaN NaN NaN
1084.77 21161.6 NaN NaN 49.1308 NaN NaN 34.9606 3.48613 12.4225 NaN NaN NaN
1086.79 21363.6 NaN NaN 49.0454 NaN NaN 35.0699 3.44365 12.4410 NaN NaN NaN
1088.81 21565.7 NaN NaN 48.9590 NaN NaN 35.1810 3.39962 12.4603 NaN NaN NaN
1090.83 21767.7 NaN NaN 48.8658 NaN NaN 35.2972 3.35898 12.4780 NaN NaN NaN
1092.85 21969.7 NaN NaN 48.7855 NaN NaN 35.3995 3.32031 12.4947 NaN NaN NaN
1094.87 22171.7 NaN NaN 48.6874 NaN NaN 35.5204 3.27974 12.5124 NaN NaN NaN
1096.89 22373.7 NaN NaN 48.6035 NaN NaN 35.6268 3.24019 12.5295 NaN NaN NaN
1098.91 22575.8 NaN NaN 48.5077 NaN NaN 35.7475 3.19564 12.5492 NaN NaN NaN
1100.93 22777.8 NaN NaN 48.4229 NaN NaN 35.8547 3.15600 12.5663 NaN NaN NaN
1102.95 22979.8 NaN NaN 48.3280 NaN NaN 35.9742 3.11225 12.5856 NaN NaN NaN
1104.97 23181.8 NaN NaN 48.2429 NaN NaN 36.0822 3.07161 12.6033 NaN NaN NaN
1106.99 23383.8 NaN NaN 48.1466 NaN NaN 36.2032 3.02755 12.6227 NaN NaN NaN
1109.01 23585.9 NaN NaN 48.0532 NaN NaN 36.3208 2.98432 12.6417 NaN NaN NaN
1111.03 23787.9 NaN NaN 47.9667 NaN NaN 36.4315 2.94117 12.6606 NaN NaN NaN
1113.05 23989.9 NaN NaN 47.8639 NaN NaN 36.5616 2.89172 12.6827 NaN NaN NaN
1115.07 24191.9 NaN NaN 47.7801 NaN NaN 36.6653 2.85726 12.6974 NaN NaN NaN
1117.09 24393.9 NaN NaN 47.6864 NaN NaN 36.7843 2.81181 12.7175 NaN NaN NaN
1119.11 24596.0 NaN NaN 47.5933 NaN NaN 36.9002 2.77138 12.7351 NaN NaN NaN
1121.13 24798.0 NaN NaN 47.4954 NaN NaN 37.0234 2.72583 12.7553 NaN NaN NaN
1123.15 25000.0 NaN NaN 47.3973 NaN NaN 37.1466 2.68098 12.7752 NaN NaN NaN
