|6.6.6
si58_norm_1.tab
1
T(K)
200.00000000000011
200.00000000000011
171787510
11
T(K) P(bar) Pl Pl Cpx Cpx Opx Gt ky qtz coes
923.150 5000.00 59.1041 NaN 4.71821 NaN 22.9156 NaN NaN 13.2620 NaN
925.170 5202.02 59.0807 NaN 4.73626 NaN 22.9195 NaN NaN 13.2635 NaN
927.190 5404.04 59.0565 NaN 4.75536 NaN 22.9227 NaN NaN 13.2654 NaN
929.211 5606.06 59.0309 NaN 4.77528 NaN 22.9261 NaN NaN 13.2677 NaN
931.231 5808.08 59.0042 NaN 4.79593 NaN 22.9294 NaN NaN 13.2704 NaN
933.251 6010.10 58.9760 NaN 4.81777 NaN 22.9325 NaN NaN 13.2737 NaN
935.271 6212.12 58.9471 NaN 4.84001 NaN 22.9357 NaN NaN 13.2772 NaN
937.291 6414.14 58.9169 NaN 4.86313 NaN 22.9388 NaN NaN 13.2812 NaN
939.312 6616.16 58.8849 NaN 4.88744 NaN 22.9419 NaN NaN 13.2857 NaN
941.332 6818.18 58.8511 NaN 4.91296 NaN 22.9451 NaN NaN 13.2908 NaN
943.352 7020.20 58.8155 NaN 4.93982 NaN 22.9482 NaN NaN 13.2965 NaN
945.372 7222.22 58.7790 NaN 4.96756 NaN 22.9509 NaN NaN 13.3025 NaN
947.392 7424.24 58.7413 NaN 4.99589 NaN 22.9540 NaN NaN 13.3089 NaN
949.413 7626.26 58.7008 NaN 5.02620 NaN 22.9570 NaN NaN 13.3160 NaN
951.433 7828.28 58.6593 NaN 5.05760 NaN 22.9595 NaN NaN 13.3235 NaN
953.453 8030.30 58.6151 NaN 5.09049 NaN 22.9626 NaN NaN 13.3318 NaN
955.473 8232.32 57.7523 NaN 5.58383 NaN 22.0059 1.06962 NaN 13.5883 NaN
957.493 8434.34 53.6634 NaN 7.90237 NaN 17.2728 6.34035 NaN 14.8210 NaN
959.514 8636.36 50.1543 NaN 9.91657 NaN 13.2370 10.8167 NaN 15.8755 NaN
961.534 8838.38 46.1676 NaN 12.1744 NaN 8.63543 15.9477 NaN 17.0749 NaN
963.554 9040.40 43.0927 NaN 13.9424 NaN 5.12644 19.8430 NaN 17.9954 NaN
965.574 9242.42 41.0237 NaN 15.1640 NaN 2.81832 22.3837 NaN 18.6104 NaN
967.594 9444.44 38.5794 NaN 16.5873 NaN 0.641397E-001 25.4306 NaN 19.3386 NaN
969.615 9646.46 38.3419 NaN 16.6004 NaN NaN 25.6556 NaN 19.4020 NaN
971.635 9848.48 38.1482 NaN 16.5763 NaN NaN 25.8233 NaN 19.4522 NaN
973.655 10050.5 37.9566 NaN 16.5538 NaN NaN 25.9878 NaN 19.5018 NaN
975.675 10252.5 37.7569 NaN 16.5324 NaN NaN 26.1571 NaN 19.5536 NaN
977.695 10454.5 37.5521 NaN 16.5116 NaN NaN 26.3294 NaN 19.6070 NaN
979.716 10656.6 37.3197 NaN 16.4839 NaN NaN 26.5281 NaN 19.6683 NaN
981.736 10858.6 37.1046 NaN 16.4622 NaN NaN 26.7085 NaN 19.7246 NaN
983.756 11060.6 36.8714 NaN 16.4401 NaN NaN 26.9024 NaN 19.7861 NaN
985.776 11262.6 36.6347 NaN 16.4208 NaN NaN 27.0959 NaN 19.8486 NaN
987.796 11464.6 36.3868 NaN 16.4003 NaN NaN 27.2986 NaN 19.9143 NaN
989.817 11666.7 36.1277 NaN 16.3829 NaN NaN 27.5062 NaN 19.9831 NaN
991.837 11868.7 35.8496 NaN 16.3666 NaN NaN 27.7264 NaN 20.0574 NaN
993.857 12070.7 35.5639 NaN 16.3549 NaN NaN 27.9475 NaN 20.1337 NaN
995.877 12272.7 35.2761 NaN 16.3460 NaN NaN 28.1673 NaN 20.2106 NaN
997.897 12474.7 34.9814 NaN 16.3411 NaN NaN 28.3881 NaN 20.2894 NaN
999.918 12676.8 34.6390 NaN 16.3482 NaN NaN 28.6311 NaN 20.3816 NaN
1001.94 12878.8 34.3291 NaN 16.3502 NaN NaN 28.8561 NaN 20.4646 NaN
1003.96 13080.8 33.9784 NaN 16.3672 NaN NaN 29.0954 NaN 20.5590 NaN
1005.98 13282.8 33.6024 NaN 16.4026 NaN NaN 29.3347 NaN 20.6603 NaN
1008.00 13484.8 33.2202 NaN 16.4384 NaN NaN 29.5781 NaN 20.7633 NaN
1010.02 13686.9 32.2273 NaN 17.1429 NaN NaN 29.4292 0.333780 20.8668 NaN
1012.04 13888.9 30.9289 NaN 18.2088 NaN NaN 29.0680 0.814001 20.9802 NaN
1014.06 14090.9 29.6256 NaN 19.2851 NaN NaN 28.7079 1.27895 21.1024 NaN
1016.08 14292.9 28.3837 NaN 20.3162 NaN NaN 28.3853 1.67157 21.2433 NaN
1018.10 14494.9 27.1367 NaN 21.3555 NaN NaN 28.0776 2.02591 21.4042 NaN
1020.12 14697.0 25.8680 NaN 22.4144 NaN NaN 27.7833 2.34668 21.5875 NaN
1022.14 14899.0 24.5514 NaN 23.5106 NaN NaN 27.5016 2.63803 21.7984 NaN
1024.16 15101.0 23.1421 NaN 24.6759 NaN NaN 27.2331 2.89988 22.0490 NaN
1026.18 15303.0 21.6369 NaN 25.8951 NaN NaN 27.0083 3.10620 22.3534 NaN
1028.20 15505.1 20.0376 NaN 27.2359 NaN NaN 26.6915 3.39099 22.6441 NaN
1030.22 15707.1 18.2749 NaN 28.6695 NaN NaN 26.4359 3.60521 23.0145 NaN
1032.24 15909.1 16.0976 NaN 30.3823 NaN NaN 26.2251 3.77361 23.5213 NaN
1034.26 16111.1 14.1244 NaN 32.0067 NaN NaN 25.9223 4.00811 23.9385 NaN
1036.28 16313.1 10.8149 NaN 34.5201 NaN NaN 25.7499 4.14258 24.7725 NaN
1038.30 16515.2 8.81907 NaN 36.1737 NaN NaN 25.4406 4.36606 25.2006 NaN
1040.32 16717.2 5.91548 NaN 38.4472 NaN NaN 25.1934 4.54282 25.9011 NaN
1042.34 16919.2 2.34972 NaN 41.1849 NaN NaN 24.9668 4.71143 26.7871 NaN
1044.36 17121.2 NaN NaN 42.9855 NaN NaN 24.8233 4.82246 27.3687 NaN
1046.38 17323.2 NaN NaN 42.9492 NaN NaN 24.8728 4.80771 27.3703 NaN
1048.40 17525.3 NaN NaN 42.9085 NaN NaN 24.9291 4.78797 27.3745 NaN
1050.42 17727.3 NaN NaN 42.8705 NaN NaN 24.9793 4.77458 27.3756 NaN
1052.44 17929.3 NaN NaN 42.8335 NaN NaN 25.0295 4.75951 27.3775 NaN
1054.46 18131.3 NaN NaN 42.7966 NaN NaN 25.0809 4.74185 27.3806 NaN
1056.48 18333.3 NaN NaN 42.7550 NaN NaN 25.1380 4.72201 27.3849 NaN
1058.50 18535.4 NaN NaN 42.7110 NaN NaN 25.1948 4.70738 27.3869 NaN
1060.52 18737.4 NaN NaN 42.6779 NaN NaN 25.2414 4.69155 27.3892 NaN
1062.54 18939.4 NaN NaN 42.6384 NaN NaN 25.2953 4.67370 27.3926 NaN
1064.56 19141.4 NaN NaN 42.5968 NaN NaN 25.3507 4.65703 27.3955 NaN
1066.58 19343.4 NaN NaN 42.5554 NaN NaN 25.4054 4.64115 27.3981 NaN
1068.60 19545.5 NaN NaN 42.5163 NaN NaN 25.4584 4.62418 27.4011 NaN
1070.62 19747.5 NaN NaN 42.4775 NaN NaN 25.5108 4.60774 27.4040 NaN
1072.64 19949.5 NaN NaN 42.4322 NaN NaN 25.5706 4.58935 27.4079 NaN
1074.67 20151.5 NaN NaN 42.3942 NaN NaN 25.6239 4.56943 27.4124 NaN
1076.69 20353.5 NaN NaN 42.3553 NaN NaN 25.6727 4.56009 27.4120 NaN
1078.71 20555.6 NaN NaN 42.3081 NaN NaN 25.7386 4.53333 27.4199 NaN
1080.73 20757.6 NaN NaN 42.2660 NaN NaN 25.7939 4.51734 27.4227 NaN
1082.75 20959.6 NaN NaN 42.2287 NaN NaN 25.8459 4.49856 27.4268 NaN
1084.77 21161.6 NaN NaN 42.1841 NaN NaN 25.9034 4.48287 27.4296 NaN
1086.79 21363.6 NaN NaN 42.1424 NaN NaN 25.9602 4.46316 27.4342 NaN
1088.81 21565.7 NaN NaN 42.1019 NaN NaN 26.0157 4.44376 27.4387 NaN
1090.83 21767.7 NaN NaN 42.0565 NaN NaN 26.0752 4.42556 27.4427 NaN
1092.85 21969.7 NaN NaN 42.0169 NaN NaN 26.1284 4.40859 27.4461 NaN
1094.87 22171.7 NaN NaN 41.9677 NaN NaN 26.1921 4.38975 27.4505 NaN
1096.89 22373.7 NaN NaN 41.9310 NaN NaN 26.2419 4.37377 27.4534 NaN
1098.91 22575.8 NaN NaN 41.8921 NaN NaN 26.2939 4.35745 27.4565 NaN
1100.93 22777.8 NaN NaN 41.8418 NaN NaN 26.3601 4.33579 27.4624 NaN
1102.95 22979.8 NaN NaN 41.7934 NaN NaN 26.4239 4.31482 27.4679 NaN
1104.97 23181.8 NaN NaN 41.7504 NaN NaN 26.4814 4.29597 27.4723 NaN
1106.99 23383.8 NaN NaN 41.7067 NaN NaN 26.5393 4.27725 27.4767 NaN
1109.01 23585.9 NaN NaN 41.6635 NaN NaN 26.5969 4.25857 27.4811 NaN
1111.03 23787.9 NaN NaN 41.6238 NaN NaN 26.6509 4.23978 27.4855 NaN
1113.05 23989.9 NaN NaN 41.5754 NaN NaN 26.7151 4.21801 27.4915 NaN
1115.07 24191.9 NaN NaN 41.5354 NaN NaN 26.7662 4.20543 27.4930 NaN
1117.09 24393.9 NaN NaN 41.4902 NaN NaN 26.8279 4.18216 27.4997 NaN
1119.11 24596.0 NaN NaN 41.4383 NaN NaN 26.8947 4.16177 27.5052 NaN
1121.13 24798.0 NaN NaN 41.3849 NaN NaN 26.9638 4.13993 27.5114 NaN
1123.15 25000.0 NaN NaN 41.3517 NaN NaN 27.0098 4.12416 27.5143 NaN
