|6.6.6
sammon_2021_lower_crust_1.tab
1
T(K)
500.00000000000011
500.00000000000011
909759734
9
T(K)           P(bar)         Pl             Pl             Cpx            Opx            qtz            Gt             ky
773.150        25000.0                 NaN            NaN   55.1270                 NaN   10.8909        23.8570        10.1251
778.201        24798.0                 NaN            NaN   55.1570                 NaN   10.8901        23.8216        10.1313
783.251        24596.0                 NaN            NaN   55.0434                 NaN   10.9193        23.9587        10.0786
788.302        24393.9                 NaN            NaN   55.0004                 NaN   10.9341        24.0112        10.0544
793.352        24191.9                 NaN            NaN   54.9598                 NaN   10.9484        24.0608        10.0310
798.403        23989.9                 NaN            NaN   54.9164                 NaN   10.9636        24.1140        10.0060
803.453        23787.9                 NaN            NaN   54.8782                 NaN   10.9779        24.1610        9.98294
808.504        23585.9                 NaN            NaN   54.8369                 NaN   10.9930        24.2119        9.95817
813.554        23383.8                 NaN            NaN   54.7960                 NaN   11.0083        24.2626        9.93313
818.605        23181.8                 NaN            NaN   54.7567                 NaN   11.0235        24.3114        9.90839
823.655        22979.8                 NaN            NaN   54.7165                 NaN   11.0392        24.3616        9.88263
828.706        22777.8                 NaN            NaN   54.6783                 NaN   11.0547        24.4096        9.85744
833.756        22575.8                 NaN            NaN   54.6328                 NaN   11.0721        24.4665        9.82853
838.807        22373.7                 NaN            NaN   54.5967                 NaN   11.0878        24.5124        9.80310
843.857        22171.7                 NaN            NaN   54.5572                 NaN   11.1045        24.5627        9.77560
848.908        21969.7                 NaN            NaN   54.5188                 NaN   11.1214        24.6118        9.74800
853.958        21767.7                 NaN            NaN   54.4799                 NaN   11.1387        24.6620        9.71942
859.009        21565.7                 NaN            NaN   54.4395                 NaN   11.1568        24.7142        9.68940
864.059        21363.6                 NaN            NaN   54.4020                 NaN   11.1747        24.7633        9.66002
869.110        21161.6                 NaN            NaN   54.3649                 NaN   11.1930        24.8123        9.62979
874.160        20959.6                 NaN            NaN   54.3291                 NaN   11.2113        24.8600        9.59956
879.211        20757.6                 NaN            NaN   54.2806                 NaN   11.2331        24.9237        9.56255
884.261        20555.6                 NaN            NaN   54.2529                 NaN   11.2509        24.9626        9.53363
889.312        20353.5                 NaN            NaN   54.2146                 NaN   11.2715        25.0148        9.49909
894.362        20151.5                 NaN            NaN   54.1760                 NaN   11.2928        25.0678        9.46346
899.413        19949.5                 NaN            NaN   54.1436                 NaN   11.3131        25.1137        9.42958
904.463        19747.5                 NaN            NaN   54.1077                 NaN   11.3349        25.1643        9.39310
909.514        19545.5                 NaN            NaN   54.0660                 NaN   11.3592        25.2232        9.35158
914.564        19343.4                 NaN            NaN   54.0273                 NaN   11.3835        25.2789        9.31037
919.615        19141.4                 NaN            NaN   53.9938                 NaN   11.4071        25.3286        9.27050
924.665        18939.4                 NaN            NaN   53.9585                 NaN   11.4324        25.3817        9.22740
929.716        18737.4                 NaN            NaN   53.9220                 NaN   11.4583        25.4366        9.18313
934.766        18535.4                 NaN            NaN   53.8818                 NaN   11.4864        25.4970        9.13482
939.817        18333.3                 NaN            NaN   53.8467                 NaN   11.5142        25.5522        9.08690
944.867        18131.3                 NaN            NaN   53.8121                 NaN   11.5432        25.6078        9.03690
949.918        17929.3                 NaN            NaN   53.7740                 NaN   11.5742        25.6686        8.98320
954.968        17727.3                 NaN            NaN   53.7376                 NaN   11.6060        25.7285        8.92783
960.019        17525.3                 NaN            NaN   53.7012                 NaN   11.6392        25.7896        8.86995
965.069        17323.2                 NaN            NaN   53.6644                 NaN   11.6745        25.8531        8.80800
970.120        17121.2                 NaN            NaN   53.6257                 NaN   11.7123        25.9207        8.74131
975.170        16919.2                 NaN            NaN   53.5925                 NaN   11.7480        25.9806        8.67892
980.221        16717.2                 NaN            NaN   53.5549                 NaN   11.7879        26.0488        8.60847
985.271        16515.2                 NaN            NaN   53.5159                 NaN   11.8296        26.1199        8.53471
990.322        16313.1                 NaN            NaN   53.4840                 NaN   11.8726        26.1852        8.45820
995.372        16111.1                 NaN            NaN   53.4388                 NaN   11.9197        26.2672        8.37428
1000.42        15909.1                 NaN            NaN   53.4010                 NaN   11.9677        26.3428        8.28847
1005.47        15707.1                 NaN            NaN   53.3651                 NaN   12.0190        26.4194        8.19653
1010.52        15505.1       0.600829E-002            NaN   53.3213                 NaN   12.0703        26.5005        8.10193
1015.57        15303.0        4.19982                 NaN   49.9431                 NaN   11.2094        26.9269        7.72080
1020.62        15101.0        7.94805                 NaN   46.8653                 NaN   10.4773        27.4027        7.30664
1025.68        14899.0        11.0777                 NaN   44.2078                 NaN   9.93432        27.9538        6.82633
1030.73        14697.0        13.9087                 NaN   41.7363                 NaN   9.51009        28.5854        6.25957
1035.78        14494.9        16.6296                 NaN   39.3120                 NaN   9.17267        29.3107        5.57502
1040.83        14292.9        19.4578                 NaN   36.7524                 NaN   8.90376        30.1860        4.70000
1045.88        14090.9        22.6555                 NaN   33.8511                 NaN   8.69730        31.2817        3.51446
1050.93        13888.9        26.8356                 NaN   30.0923                 NaN   8.55145        32.8072        1.71341
1055.98        13686.9        30.7520                 NaN   26.7801                 NaN   8.42693        34.0410                 NaN
1061.03        13484.8        31.4439                 NaN   26.7384                 NaN   8.25433        33.5634                 NaN
1066.08        13282.8        32.0889                 NaN   26.7039                 NaN   8.09390        33.1133                 NaN
1071.13        13080.8        32.6757                 NaN   26.6918                 NaN   7.94848        32.6840                 NaN
1076.18        12878.8        33.2213                 NaN   26.6867                 NaN   7.81385        32.2781                 NaN
1081.23        12676.8        33.7267                 NaN   26.6891                 NaN   7.68986        31.8943                 NaN
1086.28        12474.7        34.1957                 NaN   26.7019                 NaN   7.57561        31.5268                 NaN
1091.33        12272.7        34.6409                 NaN   26.7135                 NaN   7.46804        31.1775                 NaN
1096.38        12070.7        35.0538                 NaN   26.7304                 NaN   7.36960        30.8462                 NaN
1101.43        11868.7        35.4439                 NaN   26.7519                 NaN   7.27821        30.5259                 NaN
1106.48        11666.7        35.8110                 NaN   26.7717                 NaN   7.19494        30.2224                 NaN
1111.53        11464.6        36.1533                 NaN   26.7961                 NaN   7.12302        29.9276                 NaN
1116.58        11262.6        36.4760                 NaN   26.8164                 NaN   7.06644        29.6412                 NaN
1121.63        11060.6        38.4387                 NaN   25.7639        2.00850        6.53550        27.2534                 NaN
1126.69        10858.6        43.6139                 NaN   22.6837        7.94581        5.13114        20.6254                 NaN
1131.74        10656.6        49.8025                 NaN   19.0598        15.1405        3.44940        12.5477                 NaN
1136.79        10454.5        56.7075                 NaN   15.0631        23.2236        1.57106        3.43471                 NaN
1141.84        10252.5        59.3531                 NaN   13.5231        26.2720       0.851832                 NaN            NaN
1146.89        10050.5        59.4475                 NaN   13.4432        26.2819       0.827482                 NaN            NaN
1151.94        9848.48        59.5349                 NaN   13.3681        26.2921       0.804930                 NaN            NaN
1156.99        9646.46        59.6187                 NaN   13.2951        26.3029       0.783294                 NaN            NaN
1162.04        9444.44        59.6983                 NaN   13.2250        26.3139       0.762732                 NaN            NaN
1167.09        9242.42        59.7764                 NaN   13.1554        26.3256       0.742565                 NaN            NaN
1172.14        9040.40        59.8506                 NaN   13.0882        26.3378       0.723379                 NaN            NaN
1177.19        8838.38        59.9212                 NaN   13.0232        26.3505       0.705142                 NaN            NaN
1182.24        8636.36        59.9889                 NaN   12.9601        26.3634       0.687613                 NaN            NaN
1187.29        8434.34        60.0531                 NaN   12.8991        26.3768       0.671002                 NaN            NaN
1192.34        8232.32        60.1165                 NaN   12.8379        26.3909       0.654577                 NaN            NaN
1197.39        8030.30        60.1771                 NaN   12.7784        26.4056       0.638897                 NaN            NaN
1202.44        7828.28        60.2345                 NaN   12.7209        26.4206       0.623995                 NaN            NaN
1207.49        7626.26        60.2909                 NaN   12.6637        26.4360       0.609360                 NaN            NaN
1212.54        7424.24        60.3446                 NaN   12.6078        26.4521       0.595421                 NaN            NaN
1217.59        7222.22        60.3954                 NaN   12.5537        26.4687       0.582224                 NaN            NaN
1222.64        7020.20        60.4451                 NaN   12.4997        26.4859       0.569301                 NaN            NaN
1227.70        6818.18        60.4947                 NaN   12.4453        26.5037       0.556397                 NaN            NaN
1232.75        6616.16        60.5416                 NaN   12.3923        26.5220       0.544166                 NaN            NaN
1237.80        6414.14        60.5868                 NaN   12.3399        26.5410       0.532382                 NaN            NaN
1242.85        6212.12        60.6296                 NaN   12.2889        26.5603       0.521193                 NaN            NaN
1247.90        6010.10        60.6711                 NaN   12.2378        26.5808       0.510344                 NaN            NaN
1252.95        5808.08        60.7124                 NaN   12.1866        26.6015       0.499525                 NaN            NaN
1258.00        5606.06        60.7522                 NaN   12.1357        26.6230       0.489113                 NaN            NaN
1263.05        5404.04        60.7906                 NaN   12.0851        26.6452       0.479029                 NaN            NaN
1268.10        5202.02        60.8271                 NaN   12.0355        26.6680       0.469421                 NaN            NaN
1273.15        5000.00        60.8640                 NaN   11.9846        26.6916       0.459710                 NaN            NaN
