|6.6.6
sammon_2021_lower_crust_1.tab
1
T(K)
200.00000000000011
200.00000000000011
-1752300298
9
T(K)           P(bar)         Pl             Pl             Cpx            Opx            qtz            Gt             ky
923.150        5000.00        61.9565                 NaN   11.7137        26.1156       0.214170                 NaN            NaN
925.170        5202.02        61.9106                 NaN   11.7469        26.1173       0.225194                 NaN            NaN
927.190        5404.04        61.8642                 NaN   11.7803        26.1191       0.236320                 NaN            NaN
929.211        5606.06        61.8152                 NaN   11.8158        26.1209       0.248125                 NaN            NaN
931.231        5808.08        61.7655                 NaN   11.8519        26.1225       0.260099                 NaN            NaN
933.251        6010.10        61.7132                 NaN   11.8899        26.1242       0.272716                 NaN            NaN
935.271        6212.12        61.6582                 NaN   11.9298        26.1260       0.285999                 NaN            NaN
937.291        6414.14        61.6024                 NaN   11.9705        26.1276       0.299498                 NaN            NaN
939.312        6616.16        61.5436                 NaN   12.0134        26.1293       0.313767                 NaN            NaN
941.332        6818.18        61.4835                 NaN   12.0573        26.1309       0.328336                 NaN            NaN
943.352        7020.20        61.4190                 NaN   12.1045        26.1325       0.344009                 NaN            NaN
945.372        7222.22        61.3543                 NaN   12.1518        26.1342       0.359732                 NaN            NaN
947.392        7424.24        61.2872                 NaN   12.2010        26.1358       0.376047                 NaN            NaN
949.413        7626.26        61.2160                 NaN   12.2532        26.1374       0.393416                 NaN            NaN
951.433        7828.28        61.1416                 NaN   12.3078        26.1391       0.411572                 NaN            NaN
953.453        8030.30        61.0650                 NaN   12.3641        26.1406       0.430261                 NaN            NaN
955.473        8232.32        60.9843                 NaN   12.4234        26.1422       0.449994                 NaN            NaN
957.493        8434.34        60.9022                 NaN   12.4841        26.1437       0.470074                 NaN            NaN
959.514        8636.36        58.7217                 NaN   13.7773        23.6952        1.05432        2.75149                 NaN
961.534        8838.38        53.7522                 NaN   16.7072        17.9972        2.38734        9.15610                 NaN
963.554        9040.40        48.9238                 NaN   19.5629        12.4856        3.68049        15.3473                 NaN
965.574        9242.42        44.5616                 NaN   22.1582        7.55776        4.84607        20.8764                 NaN
967.594        9444.44        40.2648                 NaN   24.7202        2.71613        5.99298        26.3059                 NaN
969.615        9646.46        37.7357                 NaN   26.1779                 NaN   6.66516        29.4213                 NaN
971.635        9848.48        37.4688                 NaN   26.1709                 NaN   6.73166        29.6287                 NaN
973.655        10050.5        37.2031                 NaN   26.1643                 NaN   6.79782        29.8348                 NaN
975.675        10252.5        36.9205                 NaN   26.1586                 NaN   6.86836        30.0526                 NaN
977.695        10454.5        36.6281                 NaN   26.1527                 NaN   6.94141        30.2778                 NaN
979.716        10656.6        36.3091                 NaN   26.1472                 NaN   7.02131        30.5224                 NaN
981.736        10858.6        36.0022                 NaN   26.1432                 NaN   7.09806        30.7565                 NaN
983.756        11060.6        35.6712                 NaN   26.1411                 NaN   7.18101        31.0067                 NaN
985.776        11262.6        35.3335                 NaN   26.1383                 NaN   7.26569        31.2626                 NaN
987.796        11464.6        34.9635                 NaN   26.1396                 NaN   7.35867        31.5383                 NaN
989.817        11666.7        34.5762                 NaN   26.1418                 NaN   7.45607        31.8259                 NaN
991.837        11868.7        34.1909                 NaN   26.1478                 NaN   7.55289        32.1084                 NaN
993.857        12070.7        33.7916                 NaN   26.1595                 NaN   7.65324        32.3957                 NaN
995.877        12272.7        32.9094                 NaN   26.5990                 NaN   7.74758        32.4890       0.255041
997.897        12474.7        30.3246                 NaN   28.6991                 NaN   7.79164        31.7197        1.46504
999.918        12676.8        28.3440                 NaN   30.3076                 NaN   7.87077        31.1772        2.30039
1001.94        12878.8        26.4057                 NaN   31.8768                 NaN   7.95510        30.6582        3.10422
1003.96        13080.8        24.4525                 NaN   33.4713                 NaN   8.05033        30.1323        3.89359
1005.98        13282.8        22.7717                 NaN   34.8426                 NaN   8.16838        29.7174        4.50003
1008.00        13484.8        21.1727                 NaN   36.1537                 NaN   8.30527        29.3409        5.02743
1010.02        13686.9        19.7561                 NaN   37.3067                 NaN   8.46717        29.0572        5.41291
1012.04        13888.9        18.3470                 NaN   38.4529                 NaN   8.65105        28.7985        5.75055
1014.06        14090.9        16.9264                 NaN   39.6049                 NaN   8.85885        28.5637        6.04616
1016.08        14292.9        15.4607                 NaN   40.7745                 NaN   9.11785        28.3847        6.26226
1018.10        14494.9        13.8835                 NaN   42.0595                 NaN   9.36758        28.1368        6.55257
1020.12        14697.0        12.2820                 NaN   43.3419                 NaN   9.65835        27.9445        6.77323
1022.14        14899.0        10.5105                 NaN   44.7560                 NaN   9.99942        27.7553        6.97880
1024.16        15101.0        8.58693                 NaN   46.2825                 NaN   10.3878        27.5765        7.16629
1026.18        15303.0        6.36928                 NaN   48.0208                 NaN   10.8628        27.4183        7.32885
1028.20        15505.1        3.81109                 NaN   49.9989                 NaN   11.4340        27.2852        7.47074
1030.22        15707.1        1.41377                 NaN   51.8878                 NaN   11.9509        27.1084        7.63906
1032.24        15909.1                 NaN            NaN   52.9564                 NaN   12.2734        27.0695        7.70072
1034.26        16111.1                 NaN            NaN   52.8919                 NaN   12.2861        27.1525        7.66951
1036.28        16313.1                 NaN            NaN   52.8332                 NaN   12.2984        27.2294        7.63902
1038.30        16515.2                 NaN            NaN   52.7709                 NaN   12.3100        27.3091        7.61008
1040.32        16717.2                 NaN            NaN   52.7061                 NaN   12.3232        27.3928        7.57785
1042.34        16919.2                 NaN            NaN   52.6423                 NaN   12.3352        27.4744        7.54799
1044.36        17121.2                 NaN            NaN   52.5747                 NaN   12.3493        27.5619        7.51421
1046.38        17323.2                 NaN            NaN   52.5088                 NaN   12.3633        27.6475        7.48039
1048.40        17525.3                 NaN            NaN   52.4389                 NaN   12.3761        27.7357        7.44932
1050.42        17727.3                 NaN            NaN   52.3735                 NaN   12.3895        27.8203        7.41683
1052.44        17929.3                 NaN            NaN   52.3021                 NaN   12.4048        27.9125        7.38058
1054.46        18131.3                 NaN            NaN   52.2352                 NaN   12.4178        27.9982        7.34884
1056.48        18333.3                 NaN            NaN   52.1673                 NaN   12.4313        28.0851        7.31625
1058.50        18535.4                 NaN            NaN   52.0944                 NaN   12.4462        28.1784        7.28097
1060.52        18737.4                 NaN            NaN   52.0203                 NaN   12.4614        28.2732        7.24515
1062.54        18939.4                 NaN            NaN   51.9522                 NaN   12.4766        28.3621        7.20917
1064.56        19141.4                 NaN            NaN   51.8805                 NaN   12.4903        28.4528        7.17636
1066.58        19343.4                 NaN            NaN   51.8047                 NaN   12.5058        28.5496        7.13996
1068.60        19545.5                 NaN            NaN   51.7315                 NaN   12.5207        28.6431        7.10474
1070.62        19747.5                 NaN            NaN   51.6607                 NaN   12.5355        28.7342        7.06967
1072.64        19949.5                 NaN            NaN   51.5890                 NaN   12.5500        28.8259        7.03519
1074.67        20151.5                 NaN            NaN   51.5080                 NaN   12.5666        28.9288        6.99672
1076.69        20353.5                 NaN            NaN   51.4322                 NaN   12.5826        29.0259        6.95923
1078.71        20555.6                 NaN            NaN   51.3557                 NaN   12.5983        29.1235        6.92247
1080.73        20757.6                 NaN            NaN   51.2775                 NaN   12.6148        29.2235        6.88419
1082.75        20959.6                 NaN            NaN   51.1949                 NaN   12.6320        29.3285        6.84459
1084.77        21161.6                 NaN            NaN   51.1153                 NaN   12.6485        29.4299        6.80634
1086.79        21363.6                 NaN            NaN   51.0397                 NaN   12.6644        29.5267        6.76921
1088.81        21565.7                 NaN            NaN   50.9769                 NaN   12.6775        29.6080        6.73755
1090.83        21767.7                 NaN            NaN   50.8811                 NaN   12.6972        29.7287        6.69303
1092.85        21969.7                 NaN            NaN   50.8006                 NaN   12.7140        29.8313        6.65419
1094.87        22171.7                 NaN            NaN   50.7238                 NaN   12.7305        29.9298        6.61589
1096.89        22373.7                 NaN            NaN   50.6350                 NaN   12.7485        30.0418        6.57463
1098.91        22575.8                 NaN            NaN   50.5557                 NaN   12.7649        30.1427        6.53672
1100.93        22777.8                 NaN            NaN   50.4681                 NaN   12.7836        30.2542        6.49412
1102.95        22979.8                 NaN            NaN   50.3825                 NaN   12.8026        30.3640        6.45092
1104.97        23181.8                 NaN            NaN   50.2953                 NaN   12.8199        30.4735        6.41130
1106.99        23383.8                 NaN            NaN   50.2118                 NaN   12.8371        30.5795        6.37156
1109.01        23585.9                 NaN            NaN   50.1351                 NaN   12.8530        30.6773        6.33457
1111.03        23787.9                 NaN            NaN   50.0377                 NaN   12.8741        30.8008        6.28736
1113.05        23989.9                 NaN            NaN   49.9535                 NaN   12.8921        30.9082        6.24623
1115.07        24191.9                 NaN            NaN   49.8662                 NaN   12.9096        31.0181        6.20609
1117.09        24393.9                 NaN            NaN   49.7774                 NaN   12.9284        31.1308        6.16336
1119.11        24596.0                 NaN            NaN   49.6907                 NaN   12.9474        31.2417        6.12024
1121.13        24798.0                 NaN            NaN   49.6024                 NaN   12.9654        31.3531        6.07917
1123.15        25000.0                 NaN            NaN   49.5072                 NaN   12.9851        31.4729        6.03468
