|6.6.6
si53_norm_1.tab
1
T(K)
200.00000000000011
200.00000000000011
-133090058
11
T(K) P(bar) Pl Pl Cpx Cpx Opx Gt ky qtz coes
923.150 5000.00 60.4749 NaN 11.1631 NaN 27.0746 NaN NaN 1.28734 NaN
925.170 5202.02 60.4307 NaN 11.1945 NaN 27.0773 NaN NaN 1.29756 NaN
927.190 5404.04 60.3853 NaN 11.2272 NaN 27.0794 NaN NaN 1.30806 NaN
929.211 5606.06 60.3378 NaN 11.2613 NaN 27.0817 NaN NaN 1.31911 NaN
931.231 5808.08 60.2889 NaN 11.2966 NaN 27.0840 NaN NaN 1.33053 NaN
933.251 6010.10 60.2377 NaN 11.3336 NaN 27.0862 NaN NaN 1.34254 NaN
935.271 6212.12 60.1856 NaN 11.3713 NaN 27.0883 NaN NaN 1.35477 NaN
937.291 6414.14 60.1317 NaN 11.4104 NaN 27.0905 NaN NaN 1.36748 NaN
939.312 6616.16 60.0749 NaN 11.4514 NaN 27.0928 NaN NaN 1.38090 NaN
941.332 6818.18 60.0155 NaN 11.4944 NaN 27.0951 NaN NaN 1.39501 NaN
943.352 7020.20 59.9528 NaN 11.5397 NaN 27.0975 NaN NaN 1.40994 NaN
945.372 7222.22 59.8899 NaN 11.5858 NaN 27.0994 NaN NaN 1.42494 NaN
947.392 7424.24 59.8243 NaN 11.6333 NaN 27.1018 NaN NaN 1.44062 NaN
949.413 7626.26 59.7546 NaN 11.6840 NaN 27.1041 NaN NaN 1.45735 NaN
951.433 7828.28 59.6837 NaN 11.7359 NaN 27.1061 NaN NaN 1.47435 NaN
953.453 8030.30 59.6094 NaN 11.7901 NaN 27.1083 NaN NaN 1.49224 NaN
955.473 8232.32 59.5309 NaN 11.8474 NaN 27.1106 NaN NaN 1.51119 NaN
957.493 8434.34 54.9052 NaN 14.5558 NaN 21.8279 5.94870 NaN 2.76236 NaN
959.514 8636.36 49.8532 NaN 17.5265 NaN 16.0612 12.4316 NaN 4.12743 NaN
961.534 8838.38 45.3099 NaN 20.2112 NaN 10.9102 18.2159 NaN 5.35271 NaN
963.554 9040.40 41.2108 NaN 22.6437 NaN 6.29544 23.3939 NaN 6.45616 NaN
965.574 9242.42 38.5395 NaN 24.2708 NaN 3.37523 26.6427 NaN 7.17181 NaN
967.594 9444.44 35.4777 NaN 26.1024 NaN NaN 30.4271 NaN 7.99283 NaN
969.615 9646.46 35.2199 NaN 26.0993 NaN NaN 30.6238 NaN 8.05696 NaN
971.635 9848.48 34.9427 NaN 26.0918 NaN NaN 30.8394 NaN 8.12615 NaN
973.655 10050.5 34.6770 NaN 26.0959 NaN NaN 31.0348 NaN 8.19223 NaN
975.675 10252.5 34.3933 NaN 26.0953 NaN NaN 31.2484 NaN 8.26306 NaN
977.695 10454.5 34.1021 NaN 26.0957 NaN NaN 31.4664 NaN 8.33581 NaN
979.716 10656.6 33.7744 NaN 26.0984 NaN NaN 31.7091 NaN 8.41804 NaN
981.736 10858.6 33.4690 NaN 26.1029 NaN NaN 31.9337 NaN 8.49441 NaN
983.756 11060.6 33.1359 NaN 26.1098 NaN NaN 32.1763 NaN 8.57798 NaN
985.776 11262.6 32.7970 NaN 26.1224 NaN NaN 32.4176 NaN 8.66297 NaN
987.796 11464.6 32.4415 NaN 26.1350 NaN NaN 32.6712 NaN 8.75229 NaN
989.817 11666.7 32.0675 NaN 26.1555 NaN NaN 32.9307 NaN 8.84632 NaN
991.837 11868.7 31.6658 NaN 26.1822 NaN NaN 33.2045 NaN 8.94749 NaN
993.857 12070.7 31.2489 NaN 26.2159 NaN NaN 33.4826 NaN 9.05251 NaN
995.877 12272.7 30.8271 NaN 26.2542 NaN NaN 33.7599 NaN 9.15874 NaN
997.897 12474.7 30.3850 NaN 26.3035 NaN NaN 34.0413 NaN 9.27013 NaN
999.918 12676.8 29.9035 NaN 26.3720 NaN NaN 34.3329 NaN 9.39158 NaN
1001.94 12878.8 29.4341 NaN 26.4385 NaN NaN 34.6175 NaN 9.50984 NaN
1003.96 13080.8 28.9000 NaN 26.5386 NaN NaN 34.9168 NaN 9.64461 NaN
1005.98 13282.8 28.1797 NaN 26.8402 NaN NaN 35.1057 0.964732E-001 9.77792 NaN
1008.00 13484.8 26.6390 NaN 28.1054 NaN NaN 34.7227 0.638746 9.89416 NaN
1010.02 13686.9 25.2779 NaN 29.2192 NaN NaN 34.4325 1.02993 10.0404 NaN
1012.04 13888.9 23.7445 NaN 30.4834 NaN NaN 34.0679 1.52666 10.1775 NaN
1014.06 14090.9 22.1493 NaN 31.8248 NaN NaN 33.6719 2.02463 10.3294 NaN
1016.08 14292.9 20.7063 NaN 33.0254 NaN NaN 33.3809 2.36676 10.5206 NaN
1018.10 14494.9 19.2162 NaN 34.2637 NaN NaN 33.1041 2.67573 10.7403 NaN
1020.12 14697.0 17.6632 NaN 35.5512 NaN NaN 32.8404 2.95421 10.9911 NaN
1022.14 14899.0 16.0081 NaN 36.9155 NaN NaN 32.5884 3.20800 11.2800 NaN
1024.16 15101.0 14.1929 NaN 38.3989 NaN NaN 32.3504 3.43513 11.6227 NaN
1026.18 15303.0 12.1850 NaN 40.0038 NaN NaN 32.1598 3.61190 12.0396 NaN
1028.20 15505.1 10.1216 NaN 41.7110 NaN NaN 31.8747 3.85708 12.4356 NaN
1030.22 15707.1 7.75346 NaN 43.6072 NaN NaN 31.6589 4.04063 12.9399 NaN
1032.24 15909.1 4.71088 NaN 45.9738 NaN NaN 31.4968 4.18214 13.6363 NaN
1034.26 16111.1 1.98636 NaN 48.1637 NaN NaN 31.2503 4.37291 14.2267 NaN
1036.28 16313.1 NaN NaN 49.7155 NaN NaN 31.1368 4.47105 14.6767 NaN
1038.30 16515.2 NaN NaN 49.6457 NaN NaN 31.2251 4.44103 14.6882 NaN
1040.32 16717.2 NaN NaN 49.5812 NaN NaN 31.3077 4.41189 14.6993 NaN
1042.34 16919.2 NaN NaN 49.5146 NaN NaN 31.3940 4.37939 14.7120 NaN
1044.36 17121.2 NaN NaN 49.4469 NaN NaN 31.4813 4.34713 14.7246 NaN
1046.38 17323.2 NaN NaN 49.3774 NaN NaN 31.5699 4.31575 14.7369 NaN
1048.40 17525.3 NaN NaN 49.3015 NaN NaN 31.6668 4.28064 14.7511 NaN
1050.42 17727.3 NaN NaN 49.2334 NaN NaN 31.7542 4.24893 14.7635 NaN
1052.44 17929.3 NaN NaN 49.1614 NaN NaN 31.8465 4.21503 14.7771 NaN
1054.46 18131.3 NaN NaN 49.0930 NaN NaN 31.9358 4.18026 14.7910 NaN
1056.48 18333.3 NaN NaN 49.0210 NaN NaN 32.0293 4.14391 14.8058 NaN
1058.50 18535.4 NaN NaN 48.9525 NaN NaN 32.1144 4.11737 14.8158 NaN
1060.52 18737.4 NaN NaN 48.8784 NaN NaN 32.2109 4.07941 14.8314 NaN
1062.54 18939.4 NaN NaN 48.8073 NaN NaN 32.3028 4.04428 14.8456 NaN
1064.56 19141.4 NaN NaN 48.7281 NaN NaN 32.4025 4.00996 14.8595 NaN
1066.58 19343.4 NaN NaN 48.6555 NaN NaN 32.4942 3.97832 14.8720 NaN
1068.60 19545.5 NaN NaN 48.5811 NaN NaN 32.5890 3.94405 14.8859 NaN
1070.62 19747.5 NaN NaN 48.5062 NaN NaN 32.6843 3.90972 14.8998 NaN
1072.64 19949.5 NaN NaN 48.4253 NaN NaN 32.7877 3.87114 14.9158 NaN
1074.67 20151.5 NaN NaN 48.3621 NaN NaN 32.8711 3.83739 14.9293 NaN
1076.69 20353.5 NaN NaN 48.2897 NaN NaN 32.9588 3.81328 14.9382 NaN
1078.71 20555.6 NaN NaN 48.1995 NaN NaN 33.0767 3.76430 14.9595 NaN
1080.73 20757.6 NaN NaN 48.1245 NaN NaN 33.1716 3.73086 14.9730 NaN
1082.75 20959.6 NaN NaN 48.0524 NaN NaN 33.2662 3.69241 14.9889 NaN
1084.77 21161.6 NaN NaN 47.9694 NaN NaN 33.3690 3.65922 15.0024 NaN
1086.79 21363.6 NaN NaN 47.8929 NaN NaN 33.4677 3.62134 15.0181 NaN
1088.81 21565.7 NaN NaN 47.8212 NaN NaN 33.5607 3.58509 15.0330 NaN
1090.83 21767.7 NaN NaN 47.7348 NaN NaN 33.6693 3.54698 15.0489 NaN
1092.85 21969.7 NaN NaN 47.6567 NaN NaN 33.7689 3.51032 15.0641 NaN
1094.87 22171.7 NaN NaN 47.5713 NaN NaN 33.8752 3.47460 15.0789 NaN
1096.89 22373.7 NaN NaN 47.4918 NaN NaN 33.9758 3.43862 15.0937 NaN
1098.91 22575.8 NaN NaN 47.4126 NaN NaN 34.0766 3.40169 15.1091 NaN
1100.93 22777.8 NaN NaN 47.3316 NaN NaN 34.1794 3.36433 15.1246 NaN
1102.95 22979.8 NaN NaN 47.2503 NaN NaN 34.2828 3.32652 15.1404 NaN
1104.97 23181.8 NaN NaN 47.1682 NaN NaN 34.3871 3.28826 15.1564 NaN
1106.99 23383.8 NaN NaN 47.0793 NaN NaN 34.4993 3.24772 15.1736 NaN
1109.01 23585.9 NaN NaN 47.0029 NaN NaN 34.5967 3.21210 15.1883 NaN
1111.03 23787.9 NaN NaN 46.9213 NaN NaN 34.7013 3.17231 15.2051 NaN
1113.05 23989.9 NaN NaN 46.8391 NaN NaN 34.8064 3.13259 15.2218 NaN
1115.07 24191.9 NaN NaN 46.7511 NaN NaN 34.9156 3.09634 15.2370 NaN
1117.09 24393.9 NaN NaN 46.6730 NaN NaN 35.0160 3.05803 15.2530 NaN
1119.11 24596.0 NaN NaN 46.5848 NaN NaN 35.1262 3.01998 15.2690 NaN
1121.13 24798.0 NaN NaN 46.5026 NaN NaN 35.2306 2.98181 15.2850 NaN
1123.15 25000.0 NaN NaN 46.4152 NaN NaN 35.3411 2.94162 15.3021 NaN
