|6.6.6
mackwell_1998_maryland_diabase_norm_1.tab
1
T(K)
200.00000000000011
200.00000000000011
-937949962
12
T(K) P(bar) Pl Pl Cpx Cpx Opx Gt ky qtz coes O
923.150 5000.00 54.6171 NaN 19.1105 NaN 24.5387 NaN NaN NaN NaN 1.73366
925.170 5202.02 54.5331 NaN 19.1734 NaN 24.6005 NaN NaN NaN NaN 1.69304
927.190 5404.04 54.4457 NaN 19.2392 NaN 24.6644 NaN NaN NaN NaN 1.65067
929.211 5606.06 54.3532 NaN 19.3088 NaN 24.7323 NaN NaN NaN NaN 1.60570
931.231 5808.08 54.2568 NaN 19.3814 NaN 24.8031 NaN NaN NaN NaN 1.55880
933.251 6010.10 54.1541 NaN 19.4587 NaN 24.8783 NaN NaN NaN NaN 1.50878
935.271 6212.12 54.0497 NaN 19.5375 NaN 24.9549 NaN NaN NaN NaN 1.45784
937.291 6414.14 53.9400 NaN 19.6203 NaN 25.0355 NaN NaN NaN NaN 1.40422
939.312 6616.16 53.8180 NaN 19.7119 NaN 25.1256 NaN NaN NaN NaN 1.34447
941.332 6818.18 53.6970 NaN 19.8035 NaN 25.2144 NaN NaN NaN NaN 1.28515
943.352 7020.20 51.2506 NaN 21.3180 NaN 24.4167 3.01470 NaN NaN NaN NaN
945.372 7222.22 51.2494 NaN 21.3148 NaN 24.3826 3.05316 NaN NaN NaN NaN
947.392 7424.24 51.2483 NaN 21.3113 NaN 24.3470 3.09345 NaN NaN NaN NaN
949.413 7626.26 51.2471 NaN 21.3082 NaN 24.3139 3.13079 NaN NaN NaN NaN
951.433 7828.28 51.2459 NaN 21.3049 NaN 24.2798 3.16936 NaN NaN NaN NaN
953.453 8030.30 51.1182 NaN 21.3769 NaN 24.1127 3.35922 NaN 0.329265E-001 NaN NaN
955.473 8232.32 45.6432 NaN 24.6556 NaN 17.9545 10.2864 NaN 1.46036 NaN NaN
957.493 8434.34 40.2634 NaN 27.8991 NaN 11.9623 17.0147 NaN 2.86042 NaN NaN
959.514 8636.36 35.7698 NaN 30.6292 NaN 7.01806 22.5553 NaN 4.02758 NaN NaN
961.534 8838.38 30.5938 NaN 33.7505 NaN 1.28560 28.9981 NaN 5.37207 NaN NaN
963.554 9040.40 29.2078 NaN 34.4875 NaN NaN 30.5766 NaN 5.72813 NaN NaN
965.574 9242.42 28.9106 NaN 34.4957 NaN NaN 30.7929 NaN 5.80083 NaN NaN
967.594 9444.44 28.5915 NaN 34.5049 NaN NaN 31.0246 NaN 5.87906 NaN NaN
969.615 9646.46 28.2797 NaN 34.5156 NaN NaN 31.2493 NaN 5.95539 NaN NaN
971.635 9848.48 27.9405 NaN 34.5267 NaN NaN 31.4941 NaN 6.03866 NaN NaN
973.655 10050.5 27.5956 NaN 34.5383 NaN NaN 31.7428 NaN 6.12334 NaN NaN
975.675 10252.5 27.2377 NaN 34.5524 NaN NaN 31.9986 NaN 6.21127 NaN NaN
977.695 10454.5 26.8677 NaN 34.5657 NaN NaN 32.2643 NaN 6.30222 NaN NaN
979.716 10656.6 26.4495 NaN 34.5839 NaN NaN 32.5612 NaN 6.40534 NaN NaN
981.736 10858.6 26.0603 NaN 34.6032 NaN NaN 32.8355 NaN 6.50107 NaN NaN
983.756 11060.6 25.6331 NaN 34.6269 NaN NaN 33.1336 NaN 6.60632 NaN NaN
985.776 11262.6 25.1968 NaN 34.6536 NaN NaN 33.4357 NaN 6.71383 NaN NaN
987.796 11464.6 24.7370 NaN 34.6820 NaN NaN 33.7537 NaN 6.82725 NaN NaN
989.817 11666.7 24.2506 NaN 34.7180 NaN NaN 34.0842 NaN 6.94729 NaN NaN
991.837 11868.7 23.7230 NaN 34.7621 NaN NaN 34.4373 NaN 7.07765 NaN NaN
993.857 12070.7 23.1725 NaN 34.8166 NaN NaN 34.7972 NaN 7.21367 NaN NaN
995.877 12272.7 22.6345 NaN 34.8734 NaN NaN 35.1456 NaN 7.34644 NaN NaN
997.897 12474.7 22.0370 NaN 34.9456 NaN NaN 35.5232 NaN 7.49411 NaN NaN
999.918 12676.8 21.3953 NaN 35.0460 NaN NaN 35.9060 NaN 7.65270 NaN NaN
1001.94 12878.8 20.7657 NaN 35.1391 NaN NaN 36.2869 NaN 7.80821 NaN NaN
1003.96 13080.8 20.0566 NaN 35.2843 NaN NaN 36.6757 NaN 7.98337 NaN NaN
1005.98 13282.8 18.7625 NaN 36.0646 NaN NaN 36.7159 0.311069 8.14593 NaN NaN
1008.00 13484.8 16.8339 NaN 37.6571 NaN NaN 36.2666 0.936808 8.30555 NaN NaN
1010.02 13686.9 15.0483 NaN 39.1260 NaN NaN 35.8770 1.47474 8.47395 NaN NaN
1012.04 13888.9 13.5430 NaN 40.3626 NaN NaN 35.6444 1.74011 8.70989 NaN NaN
1014.06 14090.9 11.2305 NaN 42.3412 NaN NaN 35.0249 2.51395 8.88950 NaN NaN
1016.08 14292.9 9.48229 NaN 43.8082 NaN NaN 34.7054 2.85897 9.14515 NaN NaN
1018.10 14494.9 7.67224 NaN 45.3230 NaN NaN 34.4065 3.16035 9.43792 NaN NaN
1020.12 14697.0 5.76743 NaN 46.9113 NaN NaN 34.1226 3.42758 9.77115 NaN NaN
1022.14 14899.0 3.71930 NaN 48.6067 NaN NaN 33.8540 3.66570 10.1543 NaN NaN
1024.16 15101.0 1.47529 NaN 50.4377 NaN NaN 33.6177 3.86296 10.6063 NaN NaN
1026.18 15303.0 NaN NaN 51.6170 NaN NaN 33.4948 3.97881 10.9093 NaN NaN
1028.20 15505.1 NaN NaN 51.5043 NaN NaN 33.6334 3.93190 10.9304 NaN NaN
1030.22 15707.1 NaN NaN 51.3968 NaN NaN 33.7736 3.87152 10.9580 NaN NaN
1032.24 15909.1 NaN NaN 51.2873 NaN NaN 33.9128 3.81728 10.9827 NaN NaN
1034.26 16111.1 NaN NaN 51.1728 NaN NaN 34.0521 3.77237 11.0027 NaN NaN
1036.28 16313.1 NaN NaN 51.0539 NaN NaN 34.2060 3.70716 11.0329 NaN NaN
1038.30 16515.2 NaN NaN 50.9374 NaN NaN 34.3490 3.65891 11.0546 NaN NaN
1040.32 16717.2 NaN NaN 50.8203 NaN NaN 34.4961 3.60391 11.0797 NaN NaN
1042.34 16919.2 NaN NaN 50.7112 NaN NaN 34.6341 3.55092 11.1038 NaN NaN
1044.36 17121.2 NaN NaN 50.5864 NaN NaN 34.7913 3.49089 11.1314 NaN NaN
1046.38 17323.2 NaN NaN 50.4772 NaN NaN 34.9288 3.43906 11.1549 NaN NaN
1048.40 17525.3 NaN NaN 50.3469 NaN NaN 35.0928 3.37652 11.1838 NaN NaN
1050.42 17727.3 NaN NaN 50.2158 NaN NaN 35.2576 3.31367 11.2129 NaN NaN
1052.44 17929.3 NaN NaN 50.0991 NaN NaN 35.4047 3.25766 11.2385 NaN NaN
1054.46 18131.3 NaN NaN 49.9766 NaN NaN 35.5606 3.19581 11.2670 NaN NaN
1056.48 18333.3 NaN NaN 49.8468 NaN NaN 35.7251 3.13107 11.2970 NaN NaN
1058.50 18535.4 NaN NaN 49.7234 NaN NaN 35.8774 3.07794 11.3212 NaN NaN
1060.52 18737.4 NaN NaN 49.5982 NaN NaN 36.0366 3.01470 11.3505 NaN NaN
1062.54 18939.4 NaN NaN 49.4709 NaN NaN 36.1974 2.95254 11.3792 NaN NaN
1064.56 19141.4 NaN NaN 49.3376 NaN NaN 36.3633 2.89192 11.4072 NaN NaN
1066.58 19343.4 NaN NaN 49.2049 NaN NaN 36.5288 2.83104 11.4353 NaN NaN
1068.60 19545.5 NaN NaN 49.0744 NaN NaN 36.6924 2.76953 11.4637 NaN NaN
1070.62 19747.5 NaN NaN 48.9445 NaN NaN 36.8549 2.70895 11.4916 NaN NaN
1072.64 19949.5 NaN NaN 48.8136 NaN NaN 37.0193 2.64665 11.5204 NaN NaN
1074.67 20151.5 NaN NaN 48.6716 NaN NaN 37.2004 2.57321 11.5548 NaN NaN
1076.69 20353.5 NaN NaN 48.5477 NaN NaN 37.3505 2.52535 11.5764 NaN NaN
1078.71 20555.6 NaN NaN 48.4117 NaN NaN 37.5254 2.45223 11.6106 NaN NaN
1080.73 20757.6 NaN NaN 48.2603 NaN NaN 37.7139 2.38267 11.6431 NaN NaN
1082.75 20959.6 NaN NaN 48.1325 NaN NaN 37.8773 2.31628 11.6739 NaN NaN
1084.77 21161.6 NaN NaN 47.9862 NaN NaN 38.0566 2.25497 11.7023 NaN NaN
1086.79 21363.6 NaN NaN 47.8460 NaN NaN 38.2339 2.18537 11.7347 NaN NaN
1088.81 21565.7 NaN NaN 47.7050 NaN NaN 38.4126 2.11481 11.7676 NaN NaN
1090.83 21767.7 NaN NaN 47.5658 NaN NaN 38.5854 2.05221 11.7966 NaN NaN
1092.85 21969.7 NaN NaN 47.4262 NaN NaN 38.7608 1.98541 11.8276 NaN NaN
1094.87 22171.7 NaN NaN 47.2804 NaN NaN 38.9399 1.92325 11.8565 NaN NaN
1096.89 22373.7 NaN NaN 47.1299 NaN NaN 39.1283 1.85202 11.8897 NaN NaN
1098.91 22575.8 NaN NaN 46.9868 NaN NaN 39.3072 1.78516 11.9208 NaN NaN
1100.93 22777.8 NaN NaN 46.8526 NaN NaN 39.4755 1.72184 11.9501 NaN NaN
1102.95 22979.8 NaN NaN 46.7071 NaN NaN 39.6588 1.65103 11.9831 NaN NaN
1104.97 23181.8 NaN NaN 46.5532 NaN NaN 39.8508 1.57942 12.0166 NaN NaN
1106.99 23383.8 NaN NaN 46.4098 NaN NaN 40.0292 1.51404 12.0469 NaN NaN
1109.01 23585.9 NaN NaN 46.2559 NaN NaN 40.2214 1.44212 12.0806 NaN NaN
1111.03 23787.9 NaN NaN 46.1057 NaN NaN 40.4106 1.36898 12.1148 NaN NaN
1113.05 23989.9 NaN NaN 45.9604 NaN NaN 40.5931 1.29942 12.1471 NaN NaN
1115.07 24191.9 NaN NaN 45.8094 NaN NaN 40.7792 1.23377 12.1777 NaN NaN
1117.09 24393.9 NaN NaN 45.6653 NaN NaN 40.9608 1.16372 12.2103 NaN NaN
1119.11 24596.0 NaN NaN 45.5121 NaN NaN 41.1505 1.09524 12.2422 NaN NaN
1121.13 24798.0 NaN NaN 45.3463 NaN NaN 41.3569 1.01864 12.2781 NaN NaN
1123.15 25000.0 NaN NaN 45.2094 NaN NaN 41.5283 0.954611 12.3077 NaN NaN
