|6.6.6
si50_norm_1.tab
1
T(K)
200.00000000000011
200.00000000000011
1234035958
13
T(K) P(bar) Pl Pl Sp Cpx Cpx Opx Gt ky O qtz coes
923.150 5000.00 60.7435 NaN NaN 15.1675 NaN 12.0030 NaN NaN 12.0859 NaN NaN
925.170 5202.02 60.6809 NaN NaN 15.2146 NaN 12.0463 NaN NaN 12.0582 NaN NaN
927.190 5404.04 60.6155 NaN NaN 15.2637 NaN 12.0916 NaN NaN 12.0292 NaN NaN
929.211 5606.06 60.5466 NaN NaN 15.3155 NaN 12.1394 NaN NaN 11.9985 NaN NaN
931.231 5808.08 60.4748 NaN NaN 15.3695 NaN 12.1893 NaN NaN 11.9664 NaN NaN
933.251 6010.10 60.3986 NaN NaN 15.4269 NaN 12.2423 NaN NaN 11.9321 NaN NaN
935.271 6212.12 60.3207 NaN NaN 15.4857 NaN 12.2966 NaN NaN 11.8971 NaN NaN
937.291 6414.14 60.2390 NaN NaN 15.5473 NaN 12.3537 NaN NaN 11.8601 NaN NaN
939.312 6616.16 60.1516 NaN NaN 15.6132 NaN 12.4148 NaN NaN 11.8204 NaN NaN
941.332 6818.18 60.0580 NaN NaN 15.6838 NaN 12.4804 NaN NaN 11.7778 NaN NaN
943.352 7020.20 59.9575 NaN NaN 15.7598 NaN 12.5510 NaN NaN 11.7317 NaN NaN
945.372 7222.22 59.2509 NaN NaN 16.2082 NaN 12.3657 0.794427 NaN 11.3807 NaN NaN
947.392 7424.24 46.2319 NaN 0.994968 24.6632 NaN 9.98245 14.3284 NaN 3.79911 NaN NaN
949.413 7626.26 39.3107 NaN 1.32018 29.1193 NaN 8.22538 22.0245 NaN NaN NaN NaN
951.433 7828.28 36.7136 NaN 0.107740 30.2759 NaN 3.79254 29.1103 NaN NaN NaN NaN
953.453 8030.30 36.4802 NaN NaN 30.3755 NaN 3.35723 29.7870 NaN NaN NaN NaN
955.473 8232.32 36.4778 NaN NaN 30.3718 NaN 3.31067 29.8398 NaN NaN NaN NaN
957.493 8434.34 36.4753 NaN NaN 30.3691 NaN 3.26592 29.8897 NaN NaN NaN NaN
959.514 8636.36 36.4728 NaN NaN 30.3661 NaN 3.22132 29.9398 NaN NaN NaN NaN
961.534 8838.38 36.4703 NaN NaN 30.3614 NaN 3.17694 29.9913 NaN NaN NaN NaN
963.554 9040.40 36.4677 NaN NaN 30.3597 NaN 3.13279 30.0398 NaN NaN NaN NaN
965.574 9242.42 36.0100 NaN NaN 30.6400 NaN 2.60175 30.6346 NaN NaN 0.113614 NaN
967.594 9444.44 33.5395 NaN NaN 32.1403 NaN NaN 33.5912 NaN NaN 0.729007 NaN
969.615 9646.46 33.2328 NaN NaN 32.1479 NaN NaN 33.8161 NaN NaN 0.803196 NaN
971.635 9848.48 32.9063 NaN NaN 32.1561 NaN NaN 34.0554 NaN NaN 0.882213 NaN
973.655 10050.5 32.5873 NaN NaN 32.1688 NaN NaN 34.2846 NaN NaN 0.959328 NaN
975.675 10252.5 32.2499 NaN NaN 32.1814 NaN NaN 34.5279 NaN NaN 1.04091 NaN
977.695 10454.5 31.9029 NaN NaN 32.1973 NaN NaN 34.7750 NaN NaN 1.12477 NaN
979.716 10656.6 31.5123 NaN NaN 32.2163 NaN NaN 35.0521 NaN NaN 1.21928 NaN
981.736 10858.6 31.1481 NaN NaN 32.2366 NaN NaN 35.3080 NaN NaN 1.30728 NaN
983.756 11060.6 30.7499 NaN NaN 32.2640 NaN NaN 35.5826 NaN NaN 1.40352 NaN
985.776 11262.6 30.3429 NaN NaN 32.2936 NaN NaN 35.8616 NaN NaN 1.50187 NaN
987.796 11464.6 29.9171 NaN NaN 32.3274 NaN NaN 36.1507 NaN NaN 1.60475 NaN
989.817 11666.7 29.4690 NaN NaN 32.3698 NaN NaN 36.4482 NaN NaN 1.71299 NaN
991.837 11868.7 28.9838 NaN NaN 32.4208 NaN NaN 36.7652 NaN NaN 1.83026 NaN
993.857 12070.7 28.4825 NaN NaN 32.4834 NaN NaN 37.0828 NaN NaN 1.95133 NaN
995.877 12272.7 27.9587 NaN NaN 32.5602 NaN NaN 37.4034 NaN NaN 2.07780 NaN
997.897 12474.7 27.4455 NaN NaN 32.6341 NaN NaN 37.7188 NaN NaN 2.20162 NaN
999.918 12676.8 26.8593 NaN NaN 32.7438 NaN NaN 38.0539 NaN NaN 2.34309 NaN
1001.94 12878.8 26.2835 NaN NaN 32.8522 NaN NaN 38.3824 NaN NaN 2.48194 NaN
1003.96 13080.8 25.2768 NaN NaN 33.3025 NaN NaN 38.6220 0.149710 NaN 2.64903 NaN
1005.98 13282.8 23.8870 NaN NaN 34.4347 NaN NaN 38.3116 0.623591 NaN 2.74317 NaN
1008.00 13484.8 22.4055 NaN NaN 35.6528 NaN NaN 38.0126 1.04135 NaN 2.88769 NaN
1010.02 13686.9 20.7566 NaN NaN 37.0149 NaN NaN 37.6446 1.56468 NaN 3.01924 NaN
1012.04 13888.9 19.3978 NaN NaN 38.1185 NaN NaN 37.4598 1.79532 NaN 3.22863 NaN
1014.06 14090.9 17.4640 NaN NaN 39.7776 NaN NaN 36.9552 2.43197 NaN 3.37130 NaN
1016.08 14292.9 15.8839 NaN NaN 41.0920 NaN NaN 36.6866 2.74537 NaN 3.59202 NaN
1018.10 14494.9 14.2336 NaN NaN 42.4637 NaN NaN 36.4298 3.02763 NaN 3.84528 NaN
1020.12 14697.0 12.4884 NaN NaN 43.9070 NaN NaN 36.1867 3.28329 NaN 4.13473 NaN
1022.14 14899.0 10.6093 NaN NaN 45.4532 NaN NaN 35.9535 3.51610 NaN 4.46782 NaN
1024.16 15101.0 8.52375 NaN NaN 47.1533 NaN NaN 35.7355 3.72466 NaN 4.86274 NaN
1026.18 15303.0 6.06775 NaN NaN 49.0860 NaN NaN 35.6012 3.86243 NaN 5.38258 NaN
1028.20 15505.1 3.64268 NaN NaN 51.0553 NaN NaN 35.3764 4.06242 NaN 5.86319 NaN
1030.22 15707.1 0.999357 NaN NaN 53.2140 NaN NaN 35.1227 4.27332 NaN 6.39055 NaN
1032.24 15909.1 NaN NaN NaN 53.9614 NaN NaN 35.1204 4.30522 NaN 6.61300 NaN
1034.26 16111.1 NaN NaN NaN 53.8741 NaN NaN 35.2270 4.26957 NaN 6.62932 NaN
1036.28 16313.1 NaN NaN NaN 53.7861 NaN NaN 35.3414 4.21994 NaN 6.65263 NaN
1038.30 16515.2 NaN NaN NaN 53.6948 NaN NaN 35.4524 4.18327 NaN 6.66948 NaN
1040.32 16717.2 NaN NaN NaN 53.6072 NaN NaN 35.5619 4.14257 NaN 6.68833 NaN
1042.34 16919.2 NaN NaN NaN 53.5151 NaN NaN 35.6773 4.09895 NaN 6.70866 NaN
1044.36 17121.2 NaN NaN NaN 53.4193 NaN NaN 35.7972 4.05356 NaN 6.72989 NaN
1046.38 17323.2 NaN NaN NaN 53.3306 NaN NaN 35.9089 4.01069 NaN 6.74981 NaN
1048.40 17525.3 NaN NaN NaN 53.2410 NaN NaN 36.0214 3.96778 NaN 6.76976 NaN
1050.42 17727.3 NaN NaN NaN 53.1489 NaN NaN 36.1371 3.92354 NaN 6.79038 NaN
1052.44 17929.3 NaN NaN NaN 53.0488 NaN NaN 36.2623 3.87632 NaN 6.81254 NaN
1054.46 18131.3 NaN NaN NaN 52.9487 NaN NaN 36.3891 3.82599 NaN 6.83624 NaN
1056.48 18333.3 NaN NaN NaN 52.8616 NaN NaN 36.5002 3.78111 NaN 6.85714 NaN
1058.50 18535.4 NaN NaN NaN 52.7655 NaN NaN 36.6175 3.74157 NaN 6.87544 NaN
1060.52 18737.4 NaN NaN NaN 52.6715 NaN NaN 36.7372 3.69335 NaN 6.89803 NaN
1062.54 18939.4 NaN NaN NaN 52.5723 NaN NaN 36.8620 3.64502 NaN 6.92072 NaN
1064.56 19141.4 NaN NaN NaN 52.4644 NaN NaN 36.9950 3.59752 NaN 6.94303 NaN
1066.58 19343.4 NaN NaN NaN 52.3710 NaN NaN 37.1117 3.55409 NaN 6.96323 NaN
1068.60 19545.5 NaN NaN NaN 52.2705 NaN NaN 37.2372 3.50694 NaN 6.98532 NaN
1070.62 19747.5 NaN NaN NaN 52.1702 NaN NaN 37.3626 3.45982 NaN 7.00739 NaN
1072.64 19949.5 NaN NaN NaN 52.0759 NaN NaN 37.4809 3.41490 NaN 7.02833 NaN
1074.67 20151.5 NaN NaN NaN 51.9678 NaN NaN 37.6190 3.35801 NaN 7.05528 NaN
1076.69 20353.5 NaN NaN NaN 51.8852 NaN NaN 37.7172 3.32966 NaN 7.06793 NaN
1078.71 20555.6 NaN NaN NaN 51.7698 NaN NaN 37.8655 3.26681 NaN 7.09786 NaN
1080.73 20757.6 NaN NaN NaN 51.6619 NaN NaN 37.9989 3.21873 NaN 7.12043 NaN
1082.75 20959.6 NaN NaN NaN 51.5599 NaN NaN 38.1296 3.16445 NaN 7.14603 NaN
1084.77 21161.6 NaN NaN NaN 51.4493 NaN NaN 38.2642 3.11941 NaN 7.16710 NaN
1086.79 21363.6 NaN NaN NaN 51.3466 NaN NaN 38.3945 3.06730 NaN 7.19161 NaN
1088.81 21565.7 NaN NaN NaN 51.2399 NaN NaN 38.5295 3.01371 NaN 7.21688 NaN
1090.83 21767.7 NaN NaN NaN 51.1356 NaN NaN 38.6587 2.96696 NaN 7.23874 NaN
1092.85 21969.7 NaN NaN NaN 51.0261 NaN NaN 38.7957 2.91502 NaN 7.26320 NaN
1094.87 22171.7 NaN NaN NaN 50.9194 NaN NaN 38.9262 2.87050 NaN 7.28396 NaN
1096.89 22373.7 NaN NaN NaN 50.8047 NaN NaN 39.0694 2.81635 NaN 7.30953 NaN
1098.91 22575.8 NaN NaN NaN 50.6882 NaN NaN 39.2147 2.76171 NaN 7.33534 NaN
1100.93 22777.8 NaN NaN NaN 50.5799 NaN NaN 39.3499 2.71103 NaN 7.35915 NaN
1102.95 22979.8 NaN NaN NaN 50.4737 NaN NaN 39.4827 2.66108 NaN 7.38257 NaN
1104.97 23181.8 NaN NaN NaN 50.3631 NaN NaN 39.6209 2.60881 NaN 7.40717 NaN
1106.99 23383.8 NaN NaN NaN 50.2523 NaN NaN 39.7588 2.55778 NaN 7.43114 NaN
1109.01 23585.9 NaN NaN NaN 50.1379 NaN NaN 39.9018 2.50375 NaN 7.45661 NaN
1111.03 23787.9 NaN NaN NaN 50.0337 NaN NaN 40.0334 2.45208 NaN 7.48085 NaN
1113.05 23989.9 NaN NaN NaN 49.9122 NaN NaN 40.1857 2.39349 NaN 7.50859 NaN
1115.07 24191.9 NaN NaN NaN 49.7988 NaN NaN 40.3245 2.34573 NaN 7.53095 NaN
1117.09 24393.9 NaN NaN NaN 49.6861 NaN NaN 40.4665 2.29030 NaN 7.55707 NaN
1119.11 24596.0 NaN NaN NaN 49.5686 NaN NaN 40.6114 2.23873 NaN 7.58131 NaN
1121.13 24798.0 NaN NaN NaN 49.4542 NaN NaN 40.7542 2.18507 NaN 7.60656 NaN
1123.15 25000.0 NaN NaN NaN 49.3374 NaN NaN 40.8997 2.13090 NaN 7.63207 NaN
