|6.6.6
sammon_2021_deep_crust_norm_1.tab
1
T(K)
200.00000000000011
200.00000000000011
-352299786
11
T(K) P(bar) Pl Pl Cpx Cpx Opx Gt ky qtz coes
923.150 5000.00 60.5813 NaN 6.31816 NaN 21.4096 NaN NaN 11.6910 NaN
925.170 5202.02 60.5545 NaN 6.33906 NaN 21.4127 NaN NaN 11.6938 NaN
927.190 5404.04 60.5268 NaN 6.36096 NaN 21.4153 NaN NaN 11.6970 NaN
929.211 5606.06 60.4975 NaN 6.38379 NaN 21.4180 NaN NaN 11.7007 NaN
931.231 5808.08 60.4672 NaN 6.40741 NaN 21.4206 NaN NaN 11.7048 NaN
933.251 6010.10 60.4351 NaN 6.43228 NaN 21.4232 NaN NaN 11.7094 NaN
935.271 6212.12 60.4024 NaN 6.45761 NaN 21.4257 NaN NaN 11.7143 NaN
937.291 6414.14 60.3683 NaN 6.48389 NaN 21.4281 NaN NaN 11.7197 NaN
939.312 6616.16 60.3323 NaN 6.51150 NaN 21.4306 NaN NaN 11.7256 NaN
941.332 6818.18 60.2943 NaN 6.54044 NaN 21.4331 NaN NaN 11.7322 NaN
943.352 7020.20 60.2541 NaN 6.57092 NaN 21.4356 NaN NaN 11.7394 NaN
945.372 7222.22 60.2134 NaN 6.60210 NaN 21.4377 NaN NaN 11.7468 NaN
947.392 7424.24 60.1711 NaN 6.63417 NaN 21.4401 NaN NaN 11.7547 NaN
949.413 7626.26 60.1258 NaN 6.66836 NaN 21.4424 NaN NaN 11.7634 NaN
951.433 7828.28 60.0798 NaN 6.70341 NaN 21.4444 NaN NaN 11.7724 NaN
953.453 8030.30 60.0310 NaN 6.74022 NaN 21.4466 NaN NaN 11.7822 NaN
955.473 8232.32 59.9790 NaN 6.77927 NaN 21.4489 NaN NaN 11.7928 NaN
957.493 8434.34 59.9265 NaN 6.81896 NaN 21.4508 NaN NaN 11.8037 NaN
959.514 8636.36 56.0006 NaN 9.07497 NaN 16.8892 5.06151 NaN 12.9737 NaN
961.534 8838.38 52.2635 NaN 11.2277 NaN 12.5677 9.85625 NaN 14.0848 NaN
963.554 9040.40 48.2085 NaN 13.5483 NaN 7.86357 15.0886 NaN 15.2911 NaN
965.574 9242.42 45.1314 NaN 15.3447 NaN 4.36259 18.9609 NaN 16.2004 NaN
967.594 9444.44 41.7027 NaN 17.3281 NaN 0.433368 23.3207 NaN 17.2151 NaN
969.615 9646.46 41.1584 NaN 17.5343 NaN NaN 23.9378 NaN 17.3696 NaN
971.635 9848.48 40.9625 NaN 17.5121 NaN NaN 24.1051 NaN 17.4202 NaN
973.655 10050.5 40.7676 NaN 17.4899 NaN NaN 24.2719 NaN 17.4707 NaN
975.675 10252.5 40.5638 NaN 17.4681 NaN NaN 24.4445 NaN 17.5236 NaN
977.695 10454.5 40.3542 NaN 17.4451 NaN NaN 24.6224 NaN 17.5782 NaN
979.716 10656.6 40.1182 NaN 17.4188 NaN NaN 24.8227 NaN 17.6404 NaN
981.736 10858.6 39.8983 NaN 17.3963 NaN NaN 25.0075 NaN 17.6979 NaN
983.756 11060.6 39.6584 NaN 17.3719 NaN NaN 25.2085 NaN 17.7612 NaN
985.776 11262.6 39.4144 NaN 17.3492 NaN NaN 25.4108 NaN 17.8255 NaN
987.796 11464.6 39.1579 NaN 17.3248 NaN NaN 25.6238 NaN 17.8935 NaN
989.817 11666.7 38.8884 NaN 17.3022 NaN NaN 25.8443 NaN 17.9650 NaN
991.837 11868.7 38.5878 NaN 17.2755 NaN NaN 26.0912 NaN 18.0454 NaN
993.857 12070.7 38.3009 NaN 17.2548 NaN NaN 26.3225 NaN 18.1219 NaN
995.877 12272.7 37.9933 NaN 17.2356 NaN NaN 26.5669 NaN 18.2041 NaN
997.897 12474.7 37.6748 NaN 17.2206 NaN NaN 26.8152 NaN 18.2894 NaN
999.918 12676.8 35.8922 NaN 18.5711 NaN NaN 26.3489 0.824111 18.3637 NaN
1001.94 12878.8 33.7735 NaN 20.2649 NaN NaN 25.6957 1.82456 18.4414 NaN
1003.96 13080.8 31.9403 NaN 21.7346 NaN NaN 25.1534 2.63824 18.5335 NaN
1005.98 13282.8 30.7662 NaN 22.6691 NaN NaN 24.8793 3.03126 18.6541 NaN
1008.00 13484.8 29.0544 NaN 24.0512 NaN NaN 24.3976 3.72382 18.7728 NaN
1010.02 13686.9 27.8674 NaN 24.9945 NaN NaN 24.1533 4.05961 18.9252 NaN
1012.04 13888.9 25.9829 NaN 26.5455 NaN NaN 23.5826 4.84403 19.0450 NaN
1014.06 14090.9 24.6287 NaN 27.6457 NaN NaN 23.2702 5.24557 19.2099 NaN
1016.08 14292.9 23.2906 NaN 28.7292 NaN NaN 22.9920 5.58937 19.3988 NaN
1018.10 14494.9 21.9262 NaN 29.8319 NaN NaN 22.7328 5.89589 19.6132 NaN
1020.12 14697.0 20.5123 NaN 30.9693 NaN NaN 22.4903 6.17224 19.8559 NaN
1022.14 14899.0 19.0211 NaN 32.1645 NaN NaN 22.2599 6.42178 20.1327 NaN
1024.16 15101.0 17.3969 NaN 33.4536 NaN NaN 22.0458 6.64517 20.4585 NaN
1026.18 15303.0 15.6193 NaN 34.8379 NaN NaN 21.8727 6.82019 20.8500 NaN
1028.20 15505.1 13.7809 NaN 36.3124 NaN NaN 21.6224 7.05809 21.2261 NaN
1030.22 15707.1 11.6998 NaN 37.9344 NaN NaN 21.4311 7.23697 21.6977 NaN
1032.24 15909.1 9.09234 NaN 39.9155 NaN NaN 21.2838 7.37604 22.3323 NaN
1034.26 16111.1 6.77983 NaN 41.7347 NaN NaN 21.0587 7.56664 22.8601 NaN
1036.28 16313.1 3.47149 NaN 44.2254 NaN NaN 20.9161 7.69858 23.6885 NaN
1038.30 16515.2 0.597784 NaN 46.4377 NaN NaN 20.7222 7.85860 24.3837 NaN
1040.32 16717.2 NaN NaN 46.8608 NaN NaN 20.7322 7.87351 24.5334 NaN
1042.34 16919.2 NaN NaN 46.8225 NaN NaN 20.7854 7.85439 24.5377 NaN
1044.36 17121.2 NaN NaN 46.7837 NaN NaN 20.8408 7.83179 24.5437 NaN
1046.38 17323.2 NaN NaN 46.7424 NaN NaN 20.8936 7.81898 24.5451 NaN
1048.40 17525.3 NaN NaN 46.7019 NaN NaN 20.9487 7.79995 24.5495 NaN
1050.42 17727.3 NaN NaN 46.6625 NaN NaN 21.0024 7.78165 24.5535 NaN
1052.44 17929.3 NaN NaN 46.6203 NaN NaN 21.0592 7.76244 24.5580 NaN
1054.46 18131.3 NaN NaN 46.5812 NaN NaN 21.1136 7.74211 24.5631 NaN
1056.48 18333.3 NaN NaN 46.5398 NaN NaN 21.1710 7.72035 24.5689 NaN
1058.50 18535.4 NaN NaN 46.4984 NaN NaN 21.2244 7.70609 24.5711 NaN
1060.52 18737.4 NaN NaN 46.4535 NaN NaN 21.2860 7.68267 24.5778 NaN
1062.54 18939.4 NaN NaN 46.4123 NaN NaN 21.3423 7.66245 24.5829 NaN
1064.56 19141.4 NaN NaN 46.3697 NaN NaN 21.3991 7.64379 24.5874 NaN
1066.58 19343.4 NaN NaN 46.3260 NaN NaN 21.4564 7.62626 24.5913 NaN
1068.60 19545.5 NaN NaN 46.2792 NaN NaN 21.5188 7.60477 24.5972 NaN
1070.62 19747.5 NaN NaN 46.2310 NaN NaN 21.5827 7.58308 24.6033 NaN
1072.64 19949.5 NaN NaN 46.1919 NaN NaN 21.6360 7.56427 24.6078 NaN
1074.67 20151.5 NaN NaN 46.1495 NaN NaN 21.6951 7.54068 24.6147 NaN
1076.69 20353.5 NaN NaN 46.0950 NaN NaN 21.7623 7.52436 24.6184 NaN
1078.71 20555.6 NaN NaN 46.0592 NaN NaN 21.8153 7.49996 24.6255 NaN
1080.73 20757.6 NaN NaN 46.0102 NaN NaN 21.8792 7.47954 24.6311 NaN
1082.75 20959.6 NaN NaN 45.9677 NaN NaN 21.9387 7.45519 24.6384 NaN
1084.77 21161.6 NaN NaN 45.9157 NaN NaN 22.0045 7.43655 24.6433 NaN
1086.79 21363.6 NaN NaN 45.8707 NaN NaN 22.0659 7.41311 24.6502 NaN
1088.81 21565.7 NaN NaN 45.8233 NaN NaN 22.1303 7.38866 24.6578 NaN
1090.83 21767.7 NaN NaN 45.7777 NaN NaN 22.1904 7.36882 24.6631 NaN
1092.85 21969.7 NaN NaN 45.7293 NaN NaN 22.2547 7.34626 24.6698 NaN
1094.87 22171.7 NaN NaN 45.6787 NaN NaN 22.3198 7.32616 24.6753 NaN
1096.89 22373.7 NaN NaN 45.6266 NaN NaN 22.3882 7.30256 24.6826 NaN
1098.91 22575.8 NaN NaN 45.5786 NaN NaN 22.4519 7.28041 24.6892 NaN
1100.93 22777.8 NaN NaN 45.5328 NaN NaN 22.5130 7.25885 24.6954 NaN
1102.95 22979.8 NaN NaN 45.4839 NaN NaN 22.5778 7.23609 24.7023 NaN
1104.97 23181.8 NaN NaN 45.4343 NaN NaN 22.6437 7.21234 24.7096 NaN
1106.99 23383.8 NaN NaN 45.3779 NaN NaN 22.7169 7.18743 24.7177 NaN
1109.01 23585.9 NaN NaN 45.3283 NaN NaN 22.7828 7.16391 24.7250 NaN
1111.03 23787.9 NaN NaN 45.2820 NaN NaN 22.8453 7.14046 24.7322 NaN
1113.05 23989.9 NaN NaN 45.2311 NaN NaN 22.9133 7.11518 24.7404 NaN
1115.07 24191.9 NaN NaN 45.1887 NaN NaN 22.9677 7.09997 24.7437 NaN
1117.09 24393.9 NaN NaN 45.1304 NaN NaN 23.0451 7.07039 24.7540 NaN
1119.11 24596.0 NaN NaN 45.0694 NaN NaN 23.1232 7.04469 24.7627 NaN
1121.13 24798.0 NaN NaN 45.0239 NaN NaN 23.1842 7.02265 24.7693 NaN
1123.15 25000.0 NaN NaN 44.9705 NaN NaN 23.2542 6.99819 24.7772 NaN
