|6.6.6
sammon_2021_deep_crust_1.tab
1
T(K)
200.00000000000011
200.00000000000011
-371575562
9
T(K) P(bar) Pl Pl Cpx Opx qtz Gt ky
923.150 5000.00 61.7220 NaN 6.42547 19.5547 12.2978 NaN NaN
925.170 5202.02 61.6963 NaN 6.44618 19.5572 12.3003 NaN NaN
927.190 5404.04 61.6704 NaN 6.46698 19.5597 12.3029 NaN NaN
929.211 5606.06 61.6426 NaN 6.48911 19.5622 12.3062 NaN NaN
931.231 5808.08 61.6142 NaN 6.51169 19.5645 12.3097 NaN NaN
933.251 6010.10 61.5841 NaN 6.53541 19.5668 12.3137 NaN NaN
935.271 6212.12 61.5522 NaN 6.56030 19.5691 12.3183 NaN NaN
937.291 6414.14 61.5197 NaN 6.58575 19.5714 12.3232 NaN NaN
939.312 6616.16 61.4850 NaN 6.61266 19.5735 12.3288 NaN NaN
941.332 6818.18 61.4496 NaN 6.64016 19.5757 12.3346 NaN NaN
943.352 7020.20 61.4112 NaN 6.66979 19.5777 12.3412 NaN NaN
945.372 7222.22 61.3728 NaN 6.69946 19.5798 12.3480 NaN NaN
947.392 7424.24 61.3326 NaN 6.73033 19.5818 12.3553 NaN NaN
949.413 7626.26 61.2898 NaN 6.76303 19.5838 12.3633 NaN NaN
951.433 7828.28 61.2447 NaN 6.79744 19.5857 12.3721 NaN NaN
953.453 8030.30 61.1983 NaN 6.83291 19.5876 12.3812 NaN NaN
955.473 8232.32 61.1497 NaN 6.86990 19.5894 12.3910 NaN NaN
957.493 8434.34 60.8580 NaN 7.04625 19.3035 12.4742 0.318050 NaN
959.514 8636.36 57.0282 NaN 9.24807 14.8128 13.6260 5.28504 NaN
961.534 8838.38 53.3296 NaN 11.3805 10.4924 14.7358 10.0617 NaN
963.554 9040.40 49.8066 NaN 13.4173 6.39704 15.7905 14.5885 NaN
965.574 9242.42 46.5394 NaN 15.3161 2.62632 16.7658 18.7523 NaN
967.594 9444.44 44.2097 NaN 16.6365 NaN 17.4585 21.6954 NaN
969.615 9646.46 44.0366 NaN 16.6163 NaN 17.5031 21.8440 NaN
971.635 9848.48 43.8603 NaN 16.5954 NaN 17.5487 21.9956 NaN
973.655 10050.5 43.6759 NaN 16.5741 NaN 17.5966 22.1534 NaN
975.675 10252.5 43.4842 NaN 16.5524 NaN 17.6466 22.3168 NaN
977.695 10454.5 43.2852 NaN 16.5289 NaN 17.6987 22.4872 NaN
979.716 10656.6 43.0683 NaN 16.5027 NaN 17.7560 22.6730 NaN
981.736 10858.6 42.8604 NaN 16.4797 NaN 17.8107 22.8492 NaN
983.756 11060.6 42.6353 NaN 16.4543 NaN 17.8703 23.0402 NaN
985.776 11262.6 42.4065 NaN 16.4289 NaN 17.9310 23.2337 NaN
987.796 11464.6 42.1556 NaN 16.4011 NaN 17.9979 23.4453 NaN
989.817 11666.7 41.8946 NaN 16.3750 NaN 18.0678 23.6627 NaN
991.837 11868.7 41.6284 NaN 16.3480 NaN 18.1391 23.8845 NaN
993.857 12070.7 41.3572 NaN 16.3228 NaN 18.2118 24.1082 NaN
995.877 12272.7 41.0696 NaN 16.2991 NaN 18.2891 24.3421 NaN
997.897 12474.7 40.2278 NaN 16.7663 NaN 18.3642 24.3308 0.310962
999.918 12676.8 37.9129 NaN 18.6145 NaN 18.4422 23.6027 1.42778
1001.94 12878.8 35.9337 NaN 20.1868 NaN 18.5292 23.0100 2.34026
1003.96 13080.8 33.5555 NaN 22.0990 NaN 18.6183 22.2578 3.46933
1005.98 13282.8 31.5941 NaN 23.6735 NaN 18.7258 21.6768 4.32981
1008.00 13484.8 29.7556 NaN 25.1597 NaN 18.8488 21.1457 5.09023
1010.02 13686.9 28.1997 NaN 26.4151 NaN 18.9904 20.7386 5.65619
1012.04 13888.9 26.7126 NaN 27.6152 NaN 19.1508 20.3758 6.14566
1014.06 14090.9 25.2636 NaN 28.7832 NaN 19.3313 20.0488 6.57297
1016.08 14292.9 23.8911 NaN 29.8792 NaN 19.5535 19.8027 6.87355
1018.10 14494.9 22.3244 NaN 31.1481 NaN 19.7721 19.4671 7.28818
1020.12 14697.0 20.8345 NaN 32.3393 NaN 20.0233 19.2084 7.59453
1022.14 14899.0 19.2253 NaN 33.6227 NaN 20.3190 18.9567 7.87637
1024.16 15101.0 17.5205 NaN 34.9734 NaN 20.6552 18.7222 8.12860
1026.18 15303.0 15.6082 NaN 36.4700 NaN 21.0661 18.5111 8.34464
1028.20 15505.1 13.5060 NaN 38.0984 NaN 21.5379 18.3155 8.54224
1030.22 15707.1 11.3876 NaN 39.7563 NaN 22.0060 18.0948 8.75526
1032.24 15909.1 8.99685 NaN 41.5971 NaN 22.5648 17.9057 8.93552
1034.26 16111.1 6.12721 NaN 43.7763 NaN 23.2664 17.7383 9.09181
1036.28 16313.1 2.95065 NaN 46.1793 NaN 24.0533 17.5718 9.24491
1038.30 16515.2 0.186024 NaN 48.2804 NaN 24.7349 17.4166 9.38209
1040.32 16717.2 NaN NaN 48.3921 NaN 24.7797 17.4442 9.38408
1042.34 16919.2 NaN NaN 48.3554 NaN 24.7828 17.4944 9.36741
1044.36 17121.2 NaN NaN 48.3177 NaN 24.7861 17.5457 9.35050
1046.38 17323.2 NaN NaN 48.2843 NaN 24.7895 17.5928 9.33347
1048.40 17525.3 NaN NaN 48.2477 NaN 24.7913 17.6412 9.31985
1050.42 17727.3 NaN NaN 48.2060 NaN 24.7962 17.6979 9.29987
1052.44 17929.3 NaN NaN 48.1686 NaN 24.8004 17.7496 9.28141
1054.46 18131.3 NaN NaN 48.1321 NaN 24.8033 17.7990 9.26562
1056.48 18333.3 NaN NaN 48.0916 NaN 24.8074 17.8535 9.24745
1058.50 18535.4 NaN NaN 48.0545 NaN 24.8111 17.9043 9.23019
1060.52 18737.4 NaN NaN 48.0161 NaN 24.8151 17.9565 9.21229
1062.54 18939.4 NaN NaN 47.9773 NaN 24.8201 18.0102 9.19243
1064.56 19141.4 NaN NaN 47.9395 NaN 24.8233 18.0610 9.17623
1066.58 19343.4 NaN NaN 47.8984 NaN 24.8279 18.1163 9.15740
1068.60 19545.5 NaN NaN 47.8576 NaN 24.8324 18.1713 9.13867
1070.62 19747.5 NaN NaN 47.8155 NaN 24.8374 18.2280 9.11909
1072.64 19949.5 NaN NaN 47.8047 NaN 24.8355 18.2468 9.11300
1074.67 20151.5 NaN NaN 47.7365 NaN 24.8463 18.3349 9.08231
1076.69 20353.5 NaN NaN 47.6936 NaN 24.8516 18.3926 9.06222
1078.71 20555.6 NaN NaN 47.6497 NaN 24.8570 18.4511 9.04215
1080.73 20757.6 NaN NaN 47.6033 NaN 24.8630 18.5128 9.02092
1082.75 20959.6 NaN NaN 47.5591 NaN 24.8685 18.5719 9.00050
1084.77 21161.6 NaN NaN 47.5163 NaN 24.8737 18.6292 8.98085
1086.79 21363.6 NaN NaN 47.4744 NaN 24.8793 18.6860 8.96028
1088.81 21565.7 NaN NaN 47.4310 NaN 24.8853 18.7445 8.93922
1090.83 21767.7 NaN NaN 47.3868 NaN 24.8902 18.8027 8.92027
1092.85 21969.7 NaN NaN 47.3414 NaN 24.8963 18.8632 8.89907
1094.87 22171.7 NaN NaN 47.3033 NaN 24.9012 18.9155 8.87994
1096.89 22373.7 NaN NaN 47.2451 NaN 24.9093 18.9905 8.85507
1098.91 22575.8 NaN NaN 47.2025 NaN 24.9150 19.0480 8.83451
1100.93 22777.8 NaN NaN 47.1560 NaN 24.9215 19.1097 8.81276
1102.95 22979.8 NaN NaN 47.1082 NaN 24.9271 19.1720 8.79273
1104.97 23181.8 NaN NaN 47.0631 NaN 24.9342 19.2332 8.76941
1106.99 23383.8 NaN NaN 47.0155 NaN 24.9410 19.2964 8.74703
1109.01 23585.9 NaN NaN 46.9642 NaN 24.9481 19.3634 8.72423
1111.03 23787.9 NaN NaN 46.9207 NaN 24.9543 19.4220 8.70298
1113.05 23989.9 NaN NaN 46.8652 NaN 24.9630 19.4948 8.67699
1115.07 24191.9 NaN NaN 46.8230 NaN 24.9682 19.5510 8.65780
1117.09 24393.9 NaN NaN 46.7718 NaN 24.9756 19.6182 8.63439
1119.11 24596.0 NaN NaN 46.7211 NaN 24.9839 19.6858 8.60916
1121.13 24798.0 NaN NaN 46.6546 NaN 24.9940 19.7707 8.58071
1123.15 25000.0 NaN NaN 46.6252 NaN 24.9969 19.8119 8.56605
