|6.6.6
sammon_2021_deep_crust_1.tab
1
T(K)
500.00000000000011
500.00000000000011
-1239300874
9
T(K)           P(bar)         Pl             Pl             Cpx            Opx            qtz            Gt             ky
773.150        25000.0                 NaN            NaN   49.3019                 NaN   23.4453        15.7217        11.5310
778.201        24798.0                 NaN            NaN   49.2880                 NaN   23.4562        15.7371        11.5187
783.251        24596.0                 NaN            NaN   49.2733                 NaN   23.4674        15.7535        11.5058
788.302        24393.9                 NaN            NaN   49.2612                 NaN   23.4783        15.7669        11.4936
793.352        24191.9                 NaN            NaN   49.2458                 NaN   23.4902        15.7844        11.4796
798.403        23989.9                 NaN            NaN   49.2372                 NaN   23.5009        15.7940        11.4679
803.453        23787.9                 NaN            NaN   49.2203                 NaN   23.5136        15.8137        11.4523
808.504        23585.9                 NaN            NaN   49.2082                 NaN   23.5257        15.8279        11.4382
813.554        23383.8                 NaN            NaN   49.1950                 NaN   23.5382        15.8437        11.4230
818.605        23181.8                 NaN            NaN   49.1832                 NaN   23.5509        15.8581        11.4079
823.655        22979.8                 NaN            NaN   49.1739                 NaN   23.5634        15.8697        11.3930
828.706        22777.8                 NaN            NaN   49.1595                 NaN   23.5772        15.8877        11.3757
833.756        22575.8                 NaN            NaN   49.1468                 NaN   23.5911        15.9039        11.3582
838.807        22373.7                 NaN            NaN   49.1364                 NaN   23.6050        15.9177        11.3409
843.857        22171.7                 NaN            NaN   49.1229                 NaN   23.6199        15.9355        11.3217
848.908        21969.7                 NaN            NaN   49.1111                 NaN   23.6349        15.9516        11.3024
853.958        21767.7                 NaN            NaN   49.1005                 NaN   23.6502        15.9668        11.2825
859.009        21565.7                 NaN            NaN   49.0860                 NaN   23.6670        15.9872        11.2598
864.059        21363.6                 NaN            NaN   49.0749                 NaN   23.6834        16.0038        11.2380
869.110        21161.6                 NaN            NaN   49.0642                 NaN   23.7004        16.0204        11.2149
874.160        20959.6                 NaN            NaN   49.0545                 NaN   23.7177        16.0361        11.1917
879.211        20757.6                 NaN            NaN   49.0430                 NaN   23.7361        16.0548        11.1662
884.261        20555.6                 NaN            NaN   49.0307                 NaN   23.7552        16.0747        11.1394
889.312        20353.5                 NaN            NaN   49.0183                 NaN   23.7754        16.0958        11.1105
894.362        20151.5                 NaN            NaN   48.9990                 NaN   23.7967        16.1245        11.0797
899.413        19949.5                 NaN            NaN   48.9946                 NaN   23.8171        16.1378        11.0505
904.463        19747.5                 NaN            NaN   48.9831                 NaN   23.8391        16.1594        11.0184
909.514        19545.5                 NaN            NaN   48.9723                 NaN   23.8621        16.1811        10.9845
914.564        19343.4                 NaN            NaN   48.9626                 NaN   23.8858        16.2024        10.9493
919.615        19141.4                 NaN            NaN   48.9467                 NaN   23.9114        16.2315        10.9104
924.665        18939.4                 NaN            NaN   48.9371                 NaN   23.9372        16.2544        10.8714
929.716        18737.4                 NaN            NaN   48.9262                 NaN   23.9638        16.2792        10.8308
934.766        18535.4                 NaN            NaN   48.9120                 NaN   23.9924        16.3091        10.7865
939.817        18333.3                 NaN            NaN   48.9006                 NaN   24.0217        16.3369        10.7408
944.867        18131.3                 NaN            NaN   48.8899                 NaN   24.0521        16.3649        10.6930
949.918        17929.3                 NaN            NaN   48.8746                 NaN   24.0850        16.3998        10.6406
954.968        17727.3                 NaN            NaN   48.8635                 NaN   24.1182        16.4305        10.5878
960.019        17525.3                 NaN            NaN   48.8518                 NaN   24.1532        16.4634        10.5315
965.069        17323.2                 NaN            NaN   48.8366                 NaN   24.1910        16.5025        10.4699
970.120        17121.2                 NaN            NaN   48.8238                 NaN   24.2295        16.5396        10.4072
975.170        16919.2                 NaN            NaN   48.8130                 NaN   24.2689        16.5754        10.3427
980.221        16717.2                 NaN            NaN   48.7990                 NaN   24.3110        16.6167        10.2733
985.271        16515.2                 NaN            NaN   48.7853                 NaN   24.3549        16.6593        10.2006
990.322        16313.1                 NaN            NaN   48.7718                 NaN   24.4017        16.7044        10.1220
995.372        16111.1                 NaN            NaN   48.7601                 NaN   24.4492        16.7480        10.0427
1000.42        15909.1                 NaN            NaN   48.7450                 NaN   24.4997        16.7976        9.95774
1005.47        15707.1        5.34754                 NaN   44.6862                 NaN   23.2172        17.1355        9.61345
1010.52        15505.1        9.94885                 NaN   41.1178                 NaN   22.1623        17.5487        9.22236
1015.57        15303.0        13.7440                 NaN   38.1070                 NaN   21.3476        18.0103        8.79110
1020.62        15101.0        16.9158                 NaN   35.5147                 NaN   20.7384        18.5415        8.28964
1025.68        14899.0        19.7888                 NaN   33.1055                 NaN   20.2565        19.1527        7.69650
1030.73        14697.0        22.5427                 NaN   30.7460                 NaN   19.8732        19.8680        6.97006
1035.78        14494.9        25.3577                 NaN   28.3041                 NaN   19.5611        20.7106        6.06647
1040.83        14292.9        28.5046                 NaN   25.5583                 NaN   19.3017        21.7623        4.87301
1045.88        14090.9        32.3940                 NaN   22.1835                 NaN   19.0944        23.1646        3.16351
1050.93        13888.9        37.1539                 NaN   18.0809                 NaN   18.9173        24.9367       0.911203
1055.98        13686.9        39.3451                 NaN   16.4986                 NaN   18.7758        25.3804                 NaN
1061.03        13484.8        39.8061                 NaN   16.5300                 NaN   18.6556        25.0083                 NaN
1066.08        13282.8        40.2297                 NaN   16.5647                 NaN   18.5463        24.6593                 NaN
1071.13        13080.8        40.6174                 NaN   16.6049                 NaN   18.4477        24.3300                 NaN
1076.18        12878.8        40.9781                 NaN   16.6445                 NaN   18.3574        24.0200                 NaN
1081.23        12676.8        41.3126                 NaN   16.6844                 NaN   18.2754        23.7276                 NaN
1086.28        12474.7        41.6259                 NaN   16.7288                 NaN   18.2004        23.4449                 NaN
1091.33        12272.7        41.9155                 NaN   16.7658                 NaN   18.1336        23.1852                 NaN
1096.38        12070.7        42.1863                 NaN   16.8047                 NaN   18.0740        22.9350                 NaN
1101.43        11868.7        42.4400                 NaN   16.8429                 NaN   18.0221        22.6951                 NaN
1106.48        11666.7        42.6770                 NaN   16.8786                 NaN   17.9797        22.4648                 NaN
1111.53        11464.6        42.8901                 NaN   16.9113                 NaN   17.9550        22.2435                 NaN
1116.58        11262.6        43.0793                 NaN   16.9371                 NaN   17.9595        22.0241                 NaN
1121.63        11060.6        43.2938                 NaN   16.9777                 NaN   17.8956        21.8329                 NaN
1126.69        10858.6        46.7892                 NaN   14.9966        4.05779        16.8341        17.3223                 NaN
1131.74        10656.6        51.3638                 NaN   12.3727        9.46722        15.4429        11.3533                 NaN
1136.79        10454.5        56.6598                 NaN   9.37995        15.7749        13.8291        4.35618                 NaN
1141.84        10252.5        59.9607                 NaN   7.51631        19.7007        12.8223                 NaN            NaN
1146.89        10050.5        60.0219                 NaN   7.46334        19.7110        12.8038                 NaN            NaN
1151.94        9848.48        60.0789                 NaN   7.41302        19.7216        12.7865                 NaN            NaN
1156.99        9646.46        60.1338                 NaN   7.36384        19.7326        12.7698                 NaN            NaN
1162.04        9444.44        60.1860                 NaN   7.31658        19.7436        12.7538                 NaN            NaN
1167.09        9242.42        60.2373                 NaN   7.26936        19.7553        12.7381                 NaN            NaN
1172.14        9040.40        60.2859                 NaN   7.22380        19.7672        12.7231                 NaN            NaN
1177.19        8838.38        60.3324                 NaN   7.17933        19.7796        12.7086                 NaN            NaN
1182.24        8636.36        60.3772                 NaN   7.13603        19.7921        12.6947                 NaN            NaN
1187.29        8434.34        60.4196                 NaN   7.09400        19.8050        12.6814                 NaN            NaN
1192.34        8232.32        60.4616                 NaN   7.05173        19.8185        12.6682                 NaN            NaN
1197.39        8030.30        60.5017                 NaN   7.01053        19.8323        12.6555                 NaN            NaN
1202.44        7828.28        60.5398                 NaN   6.97045        19.8463        12.6434                 NaN            NaN
1207.49        7626.26        60.5773                 NaN   6.93033        19.8610        12.6314                 NaN            NaN
1212.54        7424.24        60.6131                 NaN   6.89109        19.8759        12.6199                 NaN            NaN
1217.59        7222.22        60.6471                 NaN   6.85279        19.8912        12.6089                 NaN            NaN
1222.64        7020.20        60.6802                 NaN   6.81459        19.9071        12.5981                 NaN            NaN
1227.70        6818.18        60.7134                 NaN   6.77587        19.9234        12.5873                 NaN            NaN
1232.75        6616.16        60.7449                 NaN   6.73808        19.9401        12.5770                 NaN            NaN
1237.80        6414.14        60.7753                 NaN   6.70055        19.9572        12.5670                 NaN            NaN
1242.85        6212.12        60.8039                 NaN   6.66383        19.9749        12.5574                 NaN            NaN
1247.90        6010.10        60.8322                 NaN   6.62689        19.9930        12.5479                 NaN            NaN
1252.95        5808.08        60.8600                 NaN   6.58980        20.0116        12.5386                 NaN            NaN
1258.00        5606.06        60.8869                 NaN   6.55274        20.0309        12.5294                 NaN            NaN
1263.05        5404.04        60.9129                 NaN   6.51588        20.0506        12.5206                 NaN            NaN
1268.10        5202.02        60.9378                 NaN   6.47937        20.0708        12.5120                 NaN            NaN
1273.15        5000.00        60.9629                 NaN   6.44206        20.0916        12.5034                 NaN            NaN
