|6.6.6
sammon_2021_deep_crust_1.tab
1
T(K)
200.00000000000011
200.00000000000011
-1826736906
11
T(K)           P(bar)         Pl             Pl             Cpx            Cpx            Opx            Gt             ky             qtz            coes
923.150        5000.00        61.7220                 NaN   6.42547                 NaN   19.5547                 NaN            NaN   12.2978                 NaN
925.170        5202.02        61.6965                 NaN   6.44574                 NaN   19.5575                 NaN            NaN   12.3002                 NaN
927.190        5404.04        61.6702                 NaN   6.46694                 NaN   19.5599                 NaN            NaN   12.3029                 NaN
929.211        5606.06        61.6425                 NaN   6.48903                 NaN   19.5623                 NaN            NaN   12.3062                 NaN
931.231        5808.08        61.6137                 NaN   6.51186                 NaN   19.5647                 NaN            NaN   12.3098                 NaN
933.251        6010.10        61.5832                 NaN   6.53589                 NaN   19.5669                 NaN            NaN   12.3139                 NaN
935.271        6212.12        61.5522                 NaN   6.56033                 NaN   19.5691                 NaN            NaN   12.3184                 NaN
937.291        6414.14        61.5198                 NaN   6.58569                 NaN   19.5713                 NaN            NaN   12.3232                 NaN
939.312        6616.16        61.4855                 NaN   6.61233                 NaN   19.5735                 NaN            NaN   12.3286                 NaN
941.332        6818.18        61.4494                 NaN   6.64021                 NaN   19.5757                 NaN            NaN   12.3346                 NaN
943.352        7020.20        61.4112                 NaN   6.66960                 NaN   19.5779                 NaN            NaN   12.3413                 NaN
945.372        7222.22        61.3726                 NaN   6.69959                 NaN   19.5798                 NaN            NaN   12.3481                 NaN
947.392        7424.24        61.3322                 NaN   6.73046                 NaN   19.5819                 NaN            NaN   12.3554                 NaN
949.413        7626.26        61.2892                 NaN   6.76337                 NaN   19.5839                 NaN            NaN   12.3635                 NaN
951.433        7828.28        61.2454                 NaN   6.79702                 NaN   19.5857                 NaN            NaN   12.3719                 NaN
953.453        8030.30        61.1990                 NaN   6.83242                 NaN   19.5876                 NaN            NaN   12.3810                 NaN
955.473        8232.32        61.1498                 NaN   6.86989                 NaN   19.5894                 NaN            NaN   12.3910                 NaN
957.493        8434.34        60.8416                 NaN   7.05516                 NaN   19.2851       0.338999                 NaN   12.4792                 NaN
959.514        8636.36        57.1579                 NaN   9.18160                 NaN   14.9736        5.10086                 NaN   13.5860                 NaN
961.534        8838.38        53.5887                 NaN   11.2434                 NaN   10.8144        9.69715                 NaN   14.6562                 NaN
963.554        9040.40        49.7708                 NaN   13.4365                 NaN   6.35280        14.6385                 NaN   15.8014                 NaN
965.574        9242.42        46.6274                 NaN   15.2699                 NaN   2.73656        18.6272                 NaN   16.7389                 NaN
967.594        9444.44        44.2090                 NaN   16.6368                 NaN            NaN   21.6955                 NaN   17.4587                 NaN
969.615        9646.46        44.0367                 NaN   16.6162                 NaN            NaN   21.8440                 NaN   17.5031                 NaN
971.635        9848.48        43.8528                 NaN   16.5936                 NaN            NaN   22.0027                 NaN   17.5508                 NaN
973.655        10050.5        43.6719                 NaN   16.5731                 NaN            NaN   22.1573                 NaN   17.5977                 NaN
975.675        10252.5        43.4815                 NaN   16.5513                 NaN            NaN   22.3198                 NaN   17.6474                 NaN
977.695        10454.5        43.2852                 NaN   16.5276                 NaN            NaN   22.4884                 NaN   17.6987                 NaN
979.716        10656.6        43.0650                 NaN   16.5030                 NaN            NaN   22.6751                 NaN   17.7569                 NaN
981.736        10858.6        42.8590                 NaN   16.4801                 NaN            NaN   22.8498                 NaN   17.8111                 NaN
983.756        11060.6        42.6333                 NaN   16.4537                 NaN            NaN   23.0421                 NaN   17.8709                 NaN
985.776        11262.6        42.4032                 NaN   16.4286                 NaN            NaN   23.2363                 NaN   17.9319                 NaN
987.796        11464.6        42.1621                 NaN   16.4023                 NaN            NaN   23.4396                 NaN   17.9961                 NaN
989.817        11666.7        41.8850                 NaN   16.3723                 NaN            NaN   23.6721                 NaN   18.0705                 NaN
991.837        11868.7        41.6277                 NaN   16.3482                 NaN            NaN   23.8847                 NaN   18.1393                 NaN
993.857        12070.7        41.3571                 NaN   16.3239                 NaN            NaN   24.1072                 NaN   18.2118                 NaN
995.877        12272.7        41.0657                 NaN   16.3008                 NaN            NaN   24.3432                 NaN   18.2902                 NaN
997.897        12474.7        40.2060                 NaN   16.7841                 NaN            NaN   24.3238       0.320966        18.3652                 NaN
999.918        12676.8        37.7569                 NaN   18.7362                 NaN            NaN   23.5422        1.53019        18.4344                 NaN
1001.94        12878.8        35.4977                 NaN   20.5472                 NaN            NaN   22.8355        2.59852        18.5210                 NaN
1003.96        13080.8        33.3499                 NaN   22.2665                 NaN            NaN   22.1756        3.59602        18.6121                 NaN
1005.98        13282.8        31.9414                 NaN   23.3891                 NaN            NaN   21.8183        4.11388        18.7373                 NaN
1008.00        13484.8        30.1241                 NaN   24.8508                 NaN            NaN   21.3061        4.85449        18.8644                 NaN
1010.02        13686.9        28.8371                 NaN   25.8724                 NaN            NaN   21.0330        5.23186        19.0257                 NaN
1012.04        13888.9        26.7551                 NaN   27.5774                 NaN            NaN   20.3982        6.11487        19.1544                 NaN
1014.06        14090.9        25.2669                 NaN   28.7809                 NaN            NaN   20.0492        6.57208        19.3309                 NaN
1016.08        14292.9        23.8199                 NaN   29.9461                 NaN            NaN   19.7465        6.95469        19.5329                 NaN
1018.10        14494.9        22.3471                 NaN   31.1314                 NaN            NaN   19.4632        7.29642        19.7619                 NaN
1020.12        14697.0        20.8266                 NaN   32.3488                 NaN            NaN   19.2004        7.60283        20.0213                 NaN
1022.14        14899.0        19.2295                 NaN   33.6194                 NaN            NaN   18.9566        7.87702        20.3175                 NaN
1024.16        15101.0        17.4988                 NaN   34.9851                 NaN            NaN   18.7304        8.12037        20.6653                 NaN
1026.18        15303.0        15.6132                 NaN   36.4456                 NaN            NaN   18.5491        8.31000        21.0821                 NaN
1028.20        15505.1        13.6572                 NaN   38.0004                 NaN            NaN   18.2922        8.56516        21.4850                 NaN
1030.22        15707.1        11.4593                 NaN   39.7022                 NaN            NaN   18.0971        8.75491        21.9866                 NaN
1032.24        15909.1        8.72112                 NaN   41.7713                 NaN            NaN   17.9488        8.90124        22.6576                 NaN
1034.26        16111.1        6.28074                 NaN   43.6739                 NaN            NaN   17.7247        9.10094        23.2197                 NaN
1036.28        16313.1        2.95218                 NaN   46.1761                 NaN            NaN   17.5761        9.24073        24.0550                 NaN
1038.30        16515.2       0.771698E-001            NaN   48.3659                 NaN            NaN   17.4050        9.39240        24.7596                 NaN
1040.32        16717.2                 NaN            NaN   48.3895                 NaN            NaN   17.4469        9.38380        24.7798                 NaN
1042.34        16919.2                 NaN            NaN   48.3537                 NaN            NaN   17.4965        9.36641        24.7833                 NaN
1044.36        17121.2                 NaN            NaN   48.3183                 NaN            NaN   17.5481        9.34480        24.7888                 NaN
1046.38        17323.2                 NaN            NaN   48.2814                 NaN            NaN   17.5949        9.33485        24.7889                 NaN
1048.40        17525.3                 NaN            NaN   48.2443                 NaN            NaN   17.6458        9.31741        24.7925                 NaN
1050.42        17727.3                 NaN            NaN   48.2075                 NaN            NaN   17.6963        9.30017        24.7960                 NaN
1052.44        17929.3                 NaN            NaN   48.1670                 NaN            NaN   17.7511        9.28169        24.8003                 NaN
1054.46        18131.3                 NaN            NaN   48.1291                 NaN            NaN   17.8037        9.26235        24.8049                 NaN
1056.48        18333.3                 NaN            NaN   48.0904                 NaN            NaN   17.8576        9.24204        24.8100                 NaN
1058.50        18535.4                 NaN            NaN   48.0526                 NaN            NaN   17.9068        9.22887        24.8117                 NaN
1060.52        18737.4                 NaN            NaN   48.0175                 NaN            NaN   17.9564        9.20990        24.8162                 NaN
1062.54        18939.4                 NaN            NaN   47.9786                 NaN            NaN   18.0099        9.19061        24.8209                 NaN
1064.56        19141.4                 NaN            NaN   47.9401                 NaN            NaN   18.0616        9.17390        24.8244                 NaN
1066.58        19343.4                 NaN            NaN   47.8965                 NaN            NaN   18.1187        9.15637        24.8284                 NaN
1068.60        19545.5                 NaN            NaN   47.8564                 NaN            NaN   18.1731        9.13762        24.8330                 NaN
1070.62        19747.5                 NaN            NaN   47.8153                 NaN            NaN   18.2281        9.11910        24.8374                 NaN
1072.64        19949.5                 NaN            NaN   47.7758                 NaN            NaN   18.2816        9.10069        24.8419                 NaN
1074.67        20151.5                 NaN            NaN   47.7330                 NaN            NaN   18.3414        9.07647        24.8491                 NaN
1076.69        20353.5                 NaN            NaN   47.6947                 NaN            NaN   18.3886        9.06758        24.8491                 NaN
1078.71        20555.6                 NaN            NaN   47.6502                 NaN            NaN   18.4518        9.03992        24.8580                 NaN
1080.73        20757.6                 NaN            NaN   47.6050                 NaN            NaN   18.5112        9.02089        24.8629                 NaN
1082.75        20959.6                 NaN            NaN   47.5653                 NaN            NaN   18.5675        8.99725        24.8699                 NaN
1084.77        21161.6                 NaN            NaN   47.5171                 NaN            NaN   18.6286        8.98040        24.8739                 NaN
1086.79        21363.6                 NaN            NaN   47.4794                 NaN            NaN   18.6810        8.96038        24.8792                 NaN
1088.81        21565.7                 NaN            NaN   47.4318                 NaN            NaN   18.7456        8.93560        24.8870                 NaN
1090.83        21767.7                 NaN            NaN   47.3869                 NaN            NaN   18.8045        8.91666        24.8919                 NaN
1092.85        21969.7                 NaN            NaN   47.3409                 NaN            NaN   18.8659        8.89499        24.8982                 NaN
1094.87        22171.7                 NaN            NaN   47.2973                 NaN            NaN   18.9221        8.87856        24.9020                 NaN
1096.89        22373.7                 NaN            NaN   47.2534                 NaN            NaN   18.9810        8.85775        24.9079                 NaN
1098.91        22575.8                 NaN            NaN   47.2005                 NaN            NaN   19.0501        8.83422        24.9152                 NaN
1100.93        22777.8                 NaN            NaN   47.1598                 NaN            NaN   19.1052        8.81442        24.9206                 NaN
1102.95        22979.8                 NaN            NaN   47.1085                 NaN            NaN   19.1728        8.79068        24.9281                 NaN
1104.97        23181.8                 NaN            NaN   47.0609                 NaN            NaN   19.2361        8.76811        24.9349                 NaN
1106.99        23383.8                 NaN            NaN   47.0186                 NaN            NaN   19.2926        8.74838        24.9403                 NaN
1109.01        23585.9                 NaN            NaN   46.9689                 NaN            NaN   19.3583        8.72526        24.9475                 NaN
1111.03        23787.9                 NaN            NaN   46.9195                 NaN            NaN   19.4245        8.70057        24.9555                 NaN
1113.05        23989.9                 NaN            NaN   46.8733                 NaN            NaN   19.4868        8.67712        24.9628                 NaN
1115.07        24191.9                 NaN            NaN   46.8227                 NaN            NaN   19.5511        8.65809        24.9681                 NaN
1117.09        24393.9                 NaN            NaN   46.7723                 NaN            NaN   19.6188        8.63234        24.9766                 NaN
1119.11        24596.0                 NaN            NaN   46.7244                 NaN            NaN   19.6810        8.61229        24.9823                 NaN
1121.13        24798.0                 NaN            NaN   46.6701                 NaN            NaN   19.7522        8.58684        24.9908                 NaN
1123.15        25000.0                 NaN            NaN   46.6218                 NaN            NaN   19.8160        8.56446        24.9977                 NaN
