|6.6.6
si54_norm_1.tab
1
T(K)
200.00000000000011
200.00000000000011
1649984758
11
T(K)           P(bar)         Pl             Pl             Cpx            Cpx            Opx            Gt             ky             qtz            coes
923.150        5000.00        60.1926                 NaN   9.84320                 NaN   26.2249                 NaN            NaN   3.73931                 NaN
925.170        5202.02        60.1526                 NaN   9.87191                 NaN   26.2278                 NaN            NaN   3.74767                 NaN
927.190        5404.04        60.1115                 NaN   9.90190                 NaN   26.2302                 NaN            NaN   3.75635                 NaN
929.211        5606.06        60.0685                 NaN   9.93317                 NaN   26.2328                 NaN            NaN   3.76557                 NaN
931.231        5808.08        60.0241                 NaN   9.96548                 NaN   26.2353                 NaN            NaN   3.77516                 NaN
933.251        6010.10        59.9775                 NaN   9.99951                 NaN   26.2377                 NaN            NaN   3.78535                 NaN
935.271        6212.12        59.9301                 NaN   10.0341                 NaN   26.2400                 NaN            NaN   3.79576                 NaN
937.291        6414.14        59.8810                 NaN   10.0699                 NaN   26.2424                 NaN            NaN   3.80665                 NaN
939.312        6616.16        59.8293                 NaN   10.1076                 NaN   26.2449                 NaN            NaN   3.81823                 NaN
941.332        6818.18        59.7750                 NaN   10.1471                 NaN   26.2474                 NaN            NaN   3.83048                 NaN
943.352        7020.20        59.7178                 NaN   10.1887                 NaN   26.2500                 NaN            NaN   3.84352                 NaN
945.372        7222.22        59.6603                 NaN   10.2310                 NaN   26.2521                 NaN            NaN   3.85662                 NaN
947.392        7424.24        59.6003                 NaN   10.2747                 NaN   26.2546                 NaN            NaN   3.87041                 NaN
949.413        7626.26        59.5364                 NaN   10.3213                 NaN   26.2571                 NaN            NaN   3.88520                 NaN
951.433        7828.28        59.4715                 NaN   10.3690                 NaN   26.2592                 NaN            NaN   3.90027                 NaN
953.453        8030.30        59.4033                 NaN   10.4189                 NaN   26.2615                 NaN            NaN   3.91619                 NaN
955.473        8232.32        59.3315                 NaN   10.4715                 NaN   26.2639                 NaN            NaN   3.93307                 NaN
957.493        8434.34        54.7346                 NaN   13.1462                 NaN   20.9990        5.91457                 NaN   5.20563                 NaN
959.514        8636.36        49.8596                 NaN   15.9916                 NaN   15.4196        12.1754                 NaN   6.55379                 NaN
961.534        8838.38        45.5290                 NaN   18.5338                 NaN   10.4977        17.6907                 NaN   7.74880                 NaN
963.554        9040.40        41.6420                 NaN   20.8256                 NaN   6.11077        22.6024                 NaN   8.81920                 NaN
965.574        9242.42        39.1008                 NaN   22.3640                 NaN   3.32261        25.6974                 NaN   9.51523                 NaN
967.594        9444.44        36.1010                 NaN   24.1516                 NaN            NaN   29.4095                 NaN   10.3380                 NaN
969.615        9646.46        35.8639                 NaN   24.1448                 NaN            NaN   29.5940                 NaN   10.3973                 NaN
971.635        9848.48        35.6051                 NaN   24.1372                 NaN            NaN   29.7952                 NaN   10.4625                 NaN
973.655        10050.5        35.3522                 NaN   24.1318                 NaN            NaN   29.9899                 NaN   10.5260                 NaN
975.675        10252.5        35.0861                 NaN   24.1258                 NaN            NaN   30.1950                 NaN   10.5931                 NaN
977.695        10454.5        34.8127                 NaN   24.1229                 NaN            NaN   30.4024                 NaN   10.6620                 NaN
979.716        10656.6        34.5052                 NaN   24.1199                 NaN            NaN   30.6349                 NaN   10.7400                 NaN
981.736        10858.6        34.2187                 NaN   24.1190                 NaN            NaN   30.8499                 NaN   10.8125                 NaN
983.756        11060.6        33.9071                 NaN   24.1214                 NaN            NaN   31.0800                 NaN   10.8915                 NaN
985.776        11262.6        33.5885                 NaN   24.1258                 NaN            NaN   31.3134                 NaN   10.9723                 NaN
987.796        11464.6        33.2555                 NaN   24.1320                 NaN            NaN   31.5555                 NaN   11.0570                 NaN
989.817        11666.7        32.9039                 NaN   24.1421                 NaN            NaN   31.8075                 NaN   11.1465                 NaN
991.837        11868.7        32.5305                 NaN   24.1642                 NaN            NaN   32.0636                 NaN   11.2417                 NaN
993.857        12070.7        32.1401                 NaN   24.1868                 NaN            NaN   32.3318                 NaN   11.3413                 NaN
995.877        12272.7        31.7473                 NaN   24.2169                 NaN            NaN   32.5943                 NaN   11.4415                 NaN
997.897        12474.7        31.3333                 NaN   24.2545                 NaN            NaN   32.8650                 NaN   11.5472                 NaN
999.918        12676.8        30.8796                 NaN   24.3083                 NaN            NaN   33.1488                 NaN   11.6633                 NaN
1001.94        12878.8        30.4420                 NaN   24.3623                 NaN            NaN   33.4206                 NaN   11.7750                 NaN
1003.96        13080.8        29.9578                 NaN   24.4418                 NaN            NaN   33.7016                 NaN   11.8989                 NaN
1005.98        13282.8        29.4359                 NaN   24.5409                 NaN            NaN   33.9908                 NaN   12.0324                 NaN
1008.00        13484.8        28.0387                 NaN   25.6438                 NaN            NaN   33.6859       0.483570        12.1480                 NaN
1010.02        13686.9        26.4767                 NaN   26.9315                 NaN            NaN   33.2798        1.04550        12.2666                 NaN
1012.04        13888.9        25.3817                 NaN   27.8089                 NaN            NaN   33.1052        1.27205        12.4322                 NaN
1014.06        14090.9        23.6704                 NaN   29.2549                 NaN            NaN   32.6262        1.88531        12.5632                 NaN
1016.08        14292.9        22.2700                 NaN   30.4184                 NaN            NaN   32.3300        2.23687        12.7448                 NaN
1018.10        14494.9        20.8314                 NaN   31.6159                 NaN            NaN   32.0451        2.55485        12.9527                 NaN
1020.12        14697.0        19.3394                 NaN   32.8523                 NaN            NaN   31.7771        2.84057        13.1905                 NaN
1022.14        14899.0        17.7568                 NaN   34.1592                 NaN            NaN   31.5189        3.10103        13.4641                 NaN
1024.16        15101.0        16.0263                 NaN   35.5758                 NaN            NaN   31.2740        3.33499        13.7890                 NaN
1026.18        15303.0        14.1242                 NaN   37.0984                 NaN            NaN   31.0764        3.51707        14.1839                 NaN
1028.20        15505.1        12.1589                 NaN   38.7281                 NaN            NaN   30.7840        3.76975        14.5593                 NaN
1030.22        15707.1        9.91963                 NaN   40.5242                 NaN            NaN   30.5601        3.95894        15.0372                 NaN
1032.24        15909.1        7.08667                 NaN   42.7313                 NaN            NaN   30.3865        4.10679        15.6888                 NaN
1034.26        16111.1        4.58492                 NaN   44.7618                 NaN            NaN   30.1154        4.31288        16.2250                 NaN
1036.28        16313.1        1.29083                 NaN   47.3312                 NaN            NaN   29.9199        4.46593        16.9922                 NaN
1038.30        16515.2                 NaN            NaN   48.3117                 NaN            NaN   29.8756        4.51926        17.2935                 NaN
1040.32        16717.2                 NaN            NaN   48.2521                 NaN            NaN   29.9515        4.49463        17.3018                 NaN
1042.34        16919.2                 NaN            NaN   48.1977                 NaN            NaN   30.0232        4.46819        17.3109                 NaN
1044.36        17121.2                 NaN            NaN   48.1323                 NaN            NaN   30.1073        4.43879        17.3216                 NaN
1046.38        17323.2                 NaN            NaN   48.0688                 NaN            NaN   30.1892        4.40993        17.3320                 NaN
1048.40        17525.3                 NaN            NaN   48.0041                 NaN            NaN   30.2737        4.37840        17.3438                 NaN
1050.42        17727.3                 NaN            NaN   47.9457                 NaN            NaN   30.3489        4.35270        17.3527                 NaN
1052.44        17929.3                 NaN            NaN   47.8808                 NaN            NaN   30.4326        4.32297        17.3636                 NaN
1054.46        18131.3                 NaN            NaN   47.8136                 NaN            NaN   30.5205        4.28941        17.3765                 NaN
1056.48        18333.3                 NaN            NaN   47.7500                 NaN            NaN   30.6038        4.25783        17.3883                 NaN
1058.50        18535.4                 NaN            NaN   47.6850                 NaN            NaN   30.6857        4.23180        17.3975                 NaN
1060.52        18737.4                 NaN            NaN   47.6251                 NaN            NaN   30.7645        4.20188        17.4086                 NaN
1062.54        18939.4                 NaN            NaN   47.5569                 NaN            NaN   30.8529        4.16904        17.4211                 NaN
1064.56        19141.4                 NaN            NaN   47.4931                 NaN            NaN   30.9343        4.14161        17.4310                 NaN
1066.58        19343.4                 NaN            NaN   47.4259                 NaN            NaN   31.0198        4.11238        17.4419                 NaN
1068.60        19545.5                 NaN            NaN   47.3575                 NaN            NaN   31.1078        4.08074        17.4539                 NaN
1070.62        19747.5                 NaN            NaN   47.2869                 NaN            NaN   31.1979        4.04924        17.4659                 NaN
1072.64        19949.5                 NaN            NaN   47.2228                 NaN            NaN   31.2808        4.01931        17.4771                 NaN
1074.67        20151.5                 NaN            NaN   47.1614                 NaN            NaN   31.3627        3.98600        17.4899                 NaN
1076.69        20353.5                 NaN            NaN   47.0943                 NaN            NaN   31.4439        3.96512        17.4967                 NaN
1078.71        20555.6                 NaN            NaN   47.0201                 NaN            NaN   31.5424        3.92392        17.5135                 NaN
1080.73        20757.6                 NaN            NaN   46.9488                 NaN            NaN   31.6332        3.89235        17.5256                 NaN
1082.75        20959.6                 NaN            NaN   46.8840                 NaN            NaN   31.7191        3.85776        17.5392                 NaN
1084.77        21161.6                 NaN            NaN   46.8085                 NaN            NaN   31.8129        3.82830        17.5503                 NaN
1086.79        21363.6                 NaN            NaN   46.7349                 NaN            NaN   31.9082        3.79217        17.5647                 NaN
1088.81        21565.7                 NaN            NaN   46.6692                 NaN            NaN   31.9944        3.75867        17.5777                 NaN
1090.83        21767.7                 NaN            NaN   46.5995                 NaN            NaN   32.0827        3.72868        17.5891                 NaN
1092.85        21969.7                 NaN            NaN   46.5276                 NaN            NaN   32.1748        3.69557        17.6020                 NaN
1094.87        22171.7                 NaN            NaN   46.4514                 NaN            NaN   32.2700        3.66451        17.6140                 NaN
1096.89        22373.7                 NaN            NaN   46.3816                 NaN            NaN   32.3597        3.63207        17.6266                 NaN
1098.91        22575.8                 NaN            NaN   46.3100                 NaN            NaN   32.4512        3.59946        17.6394                 NaN
1100.93        22777.8                 NaN            NaN   46.2346                 NaN            NaN   32.5474        3.56486        17.6531                 NaN
1102.95        22979.8                 NaN            NaN   46.1649                 NaN            NaN   32.6368        3.53271        17.6656                 NaN
1104.97        23181.8                 NaN            NaN   46.0908                 NaN            NaN   32.7317        3.49837        17.6792                 NaN
1106.99        23383.8                 NaN            NaN   45.9998                 NaN            NaN   32.8463        3.45799        17.6960                 NaN
1109.01        23585.9                 NaN            NaN   45.9430                 NaN            NaN   32.9201        3.43112        17.7058                 NaN
1111.03        23787.9                 NaN            NaN   45.8695                 NaN            NaN   33.0151        3.39535        17.7201                 NaN
1113.05        23989.9                 NaN            NaN   45.7920                 NaN            NaN   33.1147        3.35808        17.7352                 NaN
1115.07        24191.9                 NaN            NaN   45.7160                 NaN            NaN   33.2094        3.32769        17.7470                 NaN
1117.09        24393.9                 NaN            NaN   45.6492                 NaN            NaN   33.2963        3.29458        17.7599                 NaN
1119.11        24596.0                 NaN            NaN   45.5730                 NaN            NaN   33.3924        3.26170        17.7729                 NaN
1121.13        24798.0                 NaN            NaN   45.4927                 NaN            NaN   33.4940        3.22592        17.7874                 NaN
1123.15        25000.0                 NaN            NaN   45.4167                 NaN            NaN   33.5912        3.19046        17.8016                 NaN
