|6.6.6
hacker_2015_md_xenolith_1.tab
1
T(K)
500.00000000000011
500.00000000000011
920147190
9
T(K)           P(bar)         Pl             Pl             Cpx            Opx            qtz            Gt             ky
773.150        25000.0                 NaN            NaN   55.2974                 NaN   10.9428        23.1346        10.6251
778.201        24798.0                 NaN            NaN   55.2612                 NaN   10.9562        23.1792        10.6034
783.251        24596.0                 NaN            NaN   55.2292                 NaN   10.9688        23.2186        10.5835
788.302        24393.9                 NaN            NaN   55.1967                 NaN   10.9817        23.2589        10.5627
793.352        24191.9                 NaN            NaN   55.1655                 NaN   10.9945        23.2977        10.5423
798.403        23989.9                 NaN            NaN   55.1313                 NaN   11.0083        23.3404        10.5201
803.453        23787.9                 NaN            NaN   55.1014                 NaN   11.0213        23.3779        10.4993
808.504        23585.9                 NaN            NaN   55.0667                 NaN   11.0357        23.4216        10.4761
813.554        23383.8                 NaN            NaN   55.0371                 NaN   11.0492        23.4593        10.4544
818.605        23181.8                 NaN            NaN   55.0105                 NaN   11.0623        23.4936        10.4336
823.655        22979.8                 NaN            NaN   54.9724                 NaN   11.0783        23.5420        10.4072
828.706        22777.8                 NaN            NaN   54.9434                 NaN   11.0926        23.5797        10.3843
833.756        22575.8                 NaN            NaN   54.9154                 NaN   11.1070        23.6164        10.3612
838.807        22373.7                 NaN            NaN   54.8819                 NaN   11.1230        23.6601        10.3349
843.857        22171.7                 NaN            NaN   54.8569                 NaN   11.1376        23.6939        10.3117
848.908        21969.7                 NaN            NaN   54.8249                 NaN   11.1540        23.7364        10.2847
853.958        21767.7                 NaN            NaN   54.7947                 NaN   11.1705        23.7771        10.2576
859.009        21565.7                 NaN            NaN   54.7644                 NaN   11.1876        23.8185        10.2296
864.059        21363.6                 NaN            NaN   54.7310                 NaN   11.2058        23.8639        10.1993
869.110        21161.6                 NaN            NaN   54.6974                 NaN   11.2251        23.9106        10.1669
874.160        20959.6                 NaN            NaN   54.6738                 NaN   11.2416        23.9444        10.1402
879.211        20757.6                 NaN            NaN   54.6474                 NaN   11.2600        23.9829        10.1097
884.261        20555.6                 NaN            NaN   54.6120                 NaN   11.2815        24.0332        10.0733
889.312        20353.5                 NaN            NaN   54.5838                 NaN   11.3011        24.0746        10.0405
894.362        20151.5                 NaN            NaN   54.5498                 NaN   11.3231        24.1239        10.0032
899.413        19949.5                 NaN            NaN   54.5305                 NaN   11.3424        24.1559        9.97116
904.463        19747.5                 NaN            NaN   54.5020                 NaN   11.3647        24.1999        9.93348
909.514        19545.5                 NaN            NaN   54.4721                 NaN   11.3883        24.2463        9.89329
914.564        19343.4                 NaN            NaN   54.4444                 NaN   11.4124        24.2912        9.85210
919.615        19141.4                 NaN            NaN   54.4134                 NaN   11.4376        24.3403        9.80868
924.665        18939.4                 NaN            NaN   54.3859                 NaN   11.4638        24.3867        9.76356
929.716        18737.4                 NaN            NaN   54.3545                 NaN   11.4912        24.4381        9.71619
934.766        18535.4                 NaN            NaN   54.3180                 NaN   11.5211        24.4969        9.66401
939.817        18333.3                 NaN            NaN   54.2966                 NaN   11.5490        24.5387        9.61564
944.867        18131.3                 NaN            NaN   54.2672                 NaN   11.5800        24.5913        9.56141
949.918        17929.3                 NaN            NaN   54.2324                 NaN   11.6136        24.6517        9.50225
954.968        17727.3                 NaN            NaN   54.1973                 NaN   11.6488        24.7139        9.43999
960.019        17525.3                 NaN            NaN   54.1748                 NaN   11.6825        24.7620        9.38065
965.069        17323.2                 NaN            NaN   54.1466                 NaN   11.7199        24.8192        9.31435
970.120        17121.2                 NaN            NaN   54.1143                 NaN   11.7598        24.8828        9.24314
975.170        16919.2                 NaN            NaN   54.0852                 NaN   11.8001        24.9434        9.17133
980.221        16717.2                 NaN            NaN   54.0529                 NaN   11.8437        25.0104        9.09308
985.271        16515.2                 NaN            NaN   54.0069                 NaN   11.8918        25.0950        9.00632
990.322        16313.1                 NaN            NaN   53.9838                 NaN   11.9390        25.1560        8.92123
995.372        16111.1                 NaN            NaN   53.9510                 NaN   11.9887        25.2288        8.83154
1000.42        15909.1                 NaN            NaN   53.9186                 NaN   12.0418        25.3043        8.73538
1005.47        15707.1                 NaN            NaN   53.8856                 NaN   12.0992        25.3844        8.63079
1010.52        15505.1       0.231950                 NaN   53.6639                 NaN   12.1072        25.4885        8.50842
1015.57        15303.0        4.82762                 NaN   49.8775                 NaN   11.1995        26.0797        8.01571
1020.62        15101.0        8.95600                 NaN   46.4056                 NaN   10.4343        26.7304        7.47376
1025.68        14899.0        12.5021                 NaN   43.3152                 NaN   9.87199        27.4903        6.82041
1030.73        14697.0        15.8484                 NaN   40.3281                 NaN   9.43607        28.3718        6.01561
1035.78        14494.9        19.2687                 NaN   37.2322                 NaN   9.09418        29.4191        4.98579
1040.83        14292.9        23.1613                 NaN   33.7072                 NaN   8.82747        30.7365        3.56747
1045.88        14090.9        28.4544                 NaN   29.0089                 NaN   8.65413        32.6274        1.25521
1050.93        13888.9        31.7020                 NaN   26.4638                 NaN   8.46576        33.3685                 NaN
1055.98        13686.9        32.4965                 NaN   26.4342                 NaN   8.26587        32.8034                 NaN
1061.03        13484.8        33.2103                 NaN   26.4270                 NaN   8.08673        32.2760                 NaN
1066.08        13282.8        33.8666                 NaN   26.4313                 NaN   7.92245        31.7796                 NaN
1071.13        13080.8        34.4649                 NaN   26.4485                 NaN   7.77325        31.3133                 NaN
1076.18        12878.8        35.0213                 NaN   26.4695                 NaN   7.63505        30.8741                 NaN
1081.23        12676.8        35.5359                 NaN   26.4940                 NaN   7.50795        30.4622                 NaN
1086.28        12474.7        36.0116                 NaN   26.5244                 NaN   7.39124        30.0727                 NaN
1091.33        12272.7        36.4624                 NaN   26.5518                 NaN   7.28156        29.7042                 NaN
1096.38        12070.7        36.8795                 NaN   26.5833                 NaN   7.18134        29.3559                 NaN
1101.43        11868.7        37.2721                 NaN   26.6150                 NaN   7.08865        29.0243                 NaN
1106.48        11666.7        37.6413                 NaN   26.6444                 NaN   7.00409        28.7102                 NaN
1111.53        11464.6        37.9825                 NaN   26.6749                 NaN   6.93164        28.4109                 NaN
1116.58        11262.6        38.3033                 NaN   26.7011                 NaN   6.87439        28.1212                 NaN
1121.63        11060.6        38.6178                 NaN   26.7373                 NaN   6.79071        27.8541                 NaN
1126.69        10858.6        38.9186                 NaN   26.7745                 NaN   6.71064        27.5962                 NaN
1131.74        10656.6        41.4366                 NaN   25.3617        2.73119        6.02604        24.4444                 NaN
1136.79        10454.5        47.3415                 NaN   21.8638        9.60112        4.41657        16.7770                 NaN
1141.84        10252.5        54.2081                 NaN   17.8583        17.6731        2.54234        7.71821                 NaN
1146.89        10050.5        60.0407                 NaN   14.4706        24.5390       0.949684                 NaN            NaN
1151.94        9848.48        60.1272                 NaN   14.3964        24.5491       0.927296                 NaN            NaN
1156.99        9646.46        60.2101                 NaN   14.3243        24.5598       0.905848                 NaN            NaN
1162.04        9444.44        60.2890                 NaN   14.2550        24.5706       0.885409                 NaN            NaN
1167.09        9242.42        60.3659                 NaN   14.1864        24.5822       0.865503                 NaN            NaN
1172.14        9040.40        60.4390                 NaN   14.1204        24.5941       0.846574                 NaN            NaN
1177.19        8838.38        60.5087                 NaN   14.0563        24.6065       0.828497                 NaN            NaN
1182.24        8636.36        60.5756                 NaN   13.9940        24.6193       0.811143                 NaN            NaN
1187.29        8434.34        60.6389                 NaN   13.9338        24.6325       0.794708                 NaN            NaN
1192.34        8232.32        60.7016                 NaN   13.8736        24.6463       0.778448                 NaN            NaN
1197.39        8030.30        60.7613                 NaN   13.8151        24.6606       0.762931                 NaN            NaN
1202.44        7828.28        60.8180                 NaN   13.7584        24.6754       0.748187                 NaN            NaN
1207.49        7626.26        60.8735                 NaN   13.7021        24.6906       0.733747                 NaN            NaN
1212.54        7424.24        60.9266                 NaN   13.6470        24.7065       0.719940                 NaN            NaN
1217.59        7222.22        60.9767                 NaN   13.5938        24.7226       0.706879                 NaN            NaN
1222.64        7020.20        61.0257                 NaN   13.5407        24.7395       0.694102                 NaN            NaN
1227.70        6818.18        61.0746                 NaN   13.4871        24.7570       0.681351                 NaN            NaN
1232.75        6616.16        61.1208                 NaN   13.4349        24.7750       0.669264                 NaN            NaN
1237.80        6414.14        61.1655                 NaN   13.3833        24.7936       0.657596                 NaN            NaN
1242.85        6212.12        61.2074                 NaN   13.3333        24.8126       0.646598                 NaN            NaN
1247.90        6010.10        61.2487                 NaN   13.2831        24.8324       0.635786                 NaN            NaN
1252.95        5808.08        61.2893                 NaN   13.2329        24.8527       0.625132                 NaN            NaN
1258.00        5606.06        61.3284                 NaN   13.1829        24.8738       0.614845                 NaN            NaN
1263.05        5404.04        61.3662                 NaN   13.1332        24.8956       0.604902                 NaN            NaN
1268.10        5202.02        61.4024                 NaN   13.0844        24.9179       0.595377                 NaN            NaN
1273.15        5000.00        61.4387                 NaN   13.0345        24.9410       0.585786                 NaN            NaN
