|6.6.6
hacker_2015_md_xenolith_1.tab
1
T(K)
500.00000000000011
500.00000000000011
1568326902
9
T(K) P(bar) Pl Pl Cpx Opx qtz Gt ky
773.150 25000.0 NaN NaN 55.2945 NaN 10.9431 23.1378 10.6246
778.201 24798.0 NaN NaN 55.2613 NaN 10.9558 23.1786 10.6042
783.251 24596.0 NaN NaN 55.2305 NaN 10.9681 23.2166 10.5848
788.302 24393.9 NaN NaN 55.1970 NaN 10.9812 23.2581 10.5637
793.352 24191.9 NaN NaN 55.1653 NaN 10.9942 23.2975 10.5430
798.403 23989.9 NaN NaN 55.1312 NaN 11.0079 23.3401 10.5208
803.453 23787.9 NaN NaN 55.0979 NaN 11.0217 23.3818 10.4987
808.504 23585.9 NaN NaN 55.0685 NaN 11.0348 23.4190 10.4777
813.554 23383.8 NaN NaN 55.0386 NaN 11.0484 23.4570 10.4560
818.605 23181.8 NaN NaN 55.0032 NaN 11.0634 23.5019 10.4315
823.655 22979.8 NaN NaN 54.9750 NaN 11.0773 23.5384 10.4093
828.706 22777.8 NaN NaN 54.9425 NaN 11.0923 23.5802 10.3850
833.756 22575.8 NaN NaN 54.9108 NaN 11.1075 23.6214 10.3603
838.807 22373.7 NaN NaN 54.8801 NaN 11.1229 23.6617 10.3353
843.857 22171.7 NaN NaN 54.8509 NaN 11.1383 23.7006 10.3102
848.908 21969.7 NaN NaN 54.8231 NaN 11.1538 23.7379 10.2852
853.958 21767.7 NaN NaN 54.7919 NaN 11.1706 23.7799 10.2577
859.009 21565.7 NaN NaN 54.7635 NaN 11.1871 23.8188 10.2305
864.059 21363.6 NaN NaN 54.7276 NaN 11.2059 23.8673 10.1992
869.110 21161.6 NaN NaN 54.7011 NaN 11.2231 23.9048 10.1710
874.160 20959.6 NaN NaN 54.6733 NaN 11.2410 23.9442 10.1414
879.211 20757.6 NaN NaN 54.6440 NaN 11.2600 23.9862 10.1097
884.261 20555.6 NaN NaN 54.6120 NaN 11.2803 24.0320 10.0757
889.312 20353.5 NaN NaN 54.5832 NaN 11.3004 24.0743 10.0420
894.362 20151.5 NaN NaN 54.5548 NaN 11.3212 24.1169 10.0070
899.413 19949.5 NaN NaN 54.5288 NaN 11.3420 24.1571 9.97220
904.463 19747.5 NaN NaN 54.5014 NaN 11.3639 24.1995 9.93527
909.514 19545.5 NaN NaN 54.4681 NaN 11.3882 24.2502 9.89342
914.564 19343.4 NaN NaN 54.4396 NaN 11.4125 24.2959 9.85190
919.615 19141.4 NaN NaN 54.4065 NaN 11.4383 24.3476 9.80757
924.665 18939.4 NaN NaN 54.3723 NaN 11.4659 24.4021 9.75969
929.716 18737.4 NaN NaN 54.3492 NaN 11.4918 24.4439 9.71506
934.766 18535.4 NaN NaN 54.3222 NaN 11.5193 24.4909 9.66767
939.817 18333.3 NaN NaN 54.2917 NaN 11.5491 24.5435 9.61568
944.867 18131.3 NaN NaN 54.2604 NaN 11.5804 24.5983 9.56082
949.918 17929.3 NaN NaN 54.2275 NaN 11.6136 24.6565 9.50247
954.968 17727.3 NaN NaN 54.1978 NaN 11.6476 24.7122 9.44243
960.019 17525.3 NaN NaN 54.1744 NaN 11.6814 24.7612 9.38292
965.069 17323.2 NaN NaN 54.1376 NaN 11.7208 24.8289 9.31267
970.120 17121.2 NaN NaN 54.1093 NaN 11.7597 24.8876 9.24348
975.170 16919.2 NaN NaN 54.0764 NaN 11.8008 24.9528 9.17000
980.221 16717.2 NaN NaN 54.0442 NaN 11.8442 25.0193 9.09225
985.271 16515.2 NaN NaN 54.0046 NaN 11.8914 25.0969 9.00715
990.322 16313.1 NaN NaN 53.9772 NaN 11.9390 25.1625 8.92130
995.372 16111.1 NaN NaN 53.9430 NaN 11.9891 25.2370 8.83088
1000.42 15909.1 NaN NaN 53.9090 NaN 12.0424 25.3143 8.73436
1005.47 15707.1 NaN NaN 53.8761 NaN 12.0999 25.3944 8.62957
1010.52 15505.1 0.232625 NaN 53.6556 NaN 12.1072 25.4963 8.50834
1015.57 15303.0 4.82710 NaN 49.8717 NaN 11.1996 26.0857 8.01601
1020.62 15101.0 8.95659 NaN 46.3970 NaN 10.4344 26.7386 7.47342
1025.68 14899.0 12.5048 NaN 43.3050 NaN 9.87148 27.4984 6.82032
1030.73 14697.0 15.8519 NaN 40.3152 NaN 9.43631 28.3829 6.01364
1035.78 14494.9 19.2695 NaN 37.2208 NaN 9.09461 29.4303 4.98481
1040.83 14292.9 23.1720 NaN 33.6882 NaN 8.82776 30.7502 3.56176
1045.88 14090.9 28.4685 NaN 28.9857 NaN 8.65471 32.6439 1.24727
1050.93 13888.9 31.7024 NaN 26.4548 NaN 8.46580 33.3771 NaN
1055.98 13686.9 32.4959 NaN 26.4221 NaN 8.26619 32.8159 NaN
1061.03 13484.8 33.2112 NaN 26.4188 NaN 8.08663 32.2834 NaN
1066.08 13282.8 33.8678 NaN 26.4226 NaN 7.92230 31.7873 NaN
1071.13 13080.8 34.4670 NaN 26.4425 NaN 7.77283 31.3177 NaN
1076.18 12878.8 35.0236 NaN 26.4619 NaN 7.63459 30.8799 NaN
1081.23 12676.8 35.5380 NaN 26.4838 NaN 7.50755 30.4706 NaN
1086.28 12474.7 36.0143 NaN 26.5151 NaN 7.39070 30.0799 NaN
1091.33 12272.7 36.4656 NaN 26.5428 NaN 7.28087 29.7108 NaN
1096.38 12070.7 36.8834 NaN 26.5742 NaN 7.18048 29.3619 NaN
1101.43 11868.7 37.2755 NaN 26.6050 NaN 7.08792 29.0316 NaN
1106.48 11666.7 37.6456 NaN 26.6351 NaN 7.00311 28.7162 NaN
1111.53 11464.6 37.9883 NaN 26.6671 NaN 6.93026 28.4143 NaN
1116.58 11262.6 38.3088 NaN 26.6917 NaN 6.87311 28.1263 NaN
1121.63 11060.6 38.6234 NaN 26.7269 NaN 6.78942 27.8603 NaN
1126.69 10858.6 38.9238 NaN 26.7634 NaN 6.70946 27.6033 NaN
1131.74 10656.6 41.3557 NaN 25.4075 2.62577 6.04832 24.5627 NaN
1136.79 10454.5 47.2362 NaN 21.9237 9.46877 4.44547 16.9259 NaN
1141.84 10252.5 54.0728 NaN 17.9355 17.5088 2.57937 7.90351 NaN
1146.89 10050.5 60.0407 NaN 14.4706 24.5390 0.949689 NaN NaN
1151.94 9848.48 60.1272 NaN 14.3964 24.5491 0.927296 NaN NaN
1156.99 9646.46 60.2101 NaN 14.3243 24.5597 0.905846 NaN NaN
1162.04 9444.44 60.2890 NaN 14.2550 24.5706 0.885409 NaN NaN
1167.09 9242.42 60.3659 NaN 14.1864 24.5822 0.865503 NaN NaN
1172.14 9040.40 60.4390 NaN 14.1204 24.5941 0.846574 NaN NaN
1177.19 8838.38 60.5087 NaN 14.0563 24.6065 0.828497 NaN NaN
1182.24 8636.36 60.5756 NaN 13.9940 24.6193 0.811143 NaN NaN
1187.29 8434.34 60.6389 NaN 13.9338 24.6325 0.794708 NaN NaN
1192.34 8232.32 60.7016 NaN 13.8736 24.6463 0.778448 NaN NaN
1197.39 8030.30 60.7613 NaN 13.8151 24.6606 0.762931 NaN NaN
1202.44 7828.28 60.8180 NaN 13.7584 24.6754 0.748187 NaN NaN
1207.49 7626.26 60.8735 NaN 13.7021 24.6906 0.733747 NaN NaN
1212.54 7424.24 60.9266 NaN 13.6470 24.7065 0.719940 NaN NaN
1217.59 7222.22 60.9767 NaN 13.5938 24.7226 0.706879 NaN NaN
1222.64 7020.20 61.0257 NaN 13.5407 24.7395 0.694102 NaN NaN
1227.70 6818.18 61.0746 NaN 13.4871 24.7570 0.681351 NaN NaN
1232.75 6616.16 61.1208 NaN 13.4349 24.7750 0.669265 NaN NaN
1237.80 6414.14 61.1655 NaN 13.3833 24.7936 0.657596 NaN NaN
1242.85 6212.12 61.2074 NaN 13.3333 24.8126 0.646598 NaN NaN
1247.90 6010.10 61.2487 NaN 13.2831 24.8324 0.635786 NaN NaN
1252.95 5808.08 61.2893 NaN 13.2329 24.8527 0.625132 NaN NaN
1258.00 5606.06 61.3284 NaN 13.1829 24.8738 0.614845 NaN NaN
1263.05 5404.04 61.3662 NaN 13.1332 24.8956 0.604902 NaN NaN
1268.10 5202.02 61.4024 NaN 13.0844 24.9179 0.595377 NaN NaN
1273.15 5000.00 61.4387 NaN 13.0345 24.9410 0.585786 NaN NaN
