|6.6.6
hacker_2015_md_xenolith_1.tab
1
T(K)
200.00000000000011
200.00000000000011
1993970934
9
T(K)           P(bar)         Pl             Pl             Cpx            Opx            qtz            Gt             ky
923.150        5000.00        62.4671                 NaN   12.8117        24.3660       0.355140                 NaN            NaN
925.170        5202.02        62.4212                 NaN   12.8449        24.3677       0.366136                 NaN            NaN
927.190        5404.04        62.3749                 NaN   12.8783        24.3695       0.377210                 NaN            NaN
929.211        5606.06        62.3259                 NaN   12.9138        24.3713       0.388977                 NaN            NaN
931.231        5808.08        62.2764                 NaN   12.9499        24.3729       0.400882                 NaN            NaN
933.251        6010.10        62.2243                 NaN   12.9877        24.3746       0.413420                 NaN            NaN
935.271        6212.12        62.1695                 NaN   13.0275        24.3763       0.426659                 NaN            NaN
937.291        6414.14        62.1140                 NaN   13.0679        24.3780       0.440057                 NaN            NaN
939.312        6616.16        62.0555                 NaN   13.1106        24.3797       0.454230                 NaN            NaN
941.332        6818.18        61.9958                 NaN   13.1542        24.3813       0.468679                 NaN            NaN
943.352        7020.20        61.9319                 NaN   13.2010        24.3829       0.484224                 NaN            NaN
945.372        7222.22        61.8676                 NaN   13.2480        24.3846       0.499818                 NaN            NaN
947.392        7424.24        61.8011                 NaN   13.2967        24.3862       0.515992                 NaN            NaN
949.413        7626.26        61.7308                 NaN   13.3482        24.3879       0.533127                 NaN            NaN
951.433        7828.28        61.6567                 NaN   13.4025        24.3896       0.551196                 NaN            NaN
953.453        8030.30        61.5822                 NaN   13.4573        24.3911       0.569376                 NaN            NaN
955.473        8232.32        58.3540                 NaN   15.3720        20.6829        1.43942        4.15164                 NaN
957.493        8434.34        53.5824                 NaN   18.2214        15.1827        2.72402        10.2895                 NaN
959.514        8636.36        48.2613                 NaN   21.3761        9.02580        4.15676        17.1801                 NaN
961.534        8838.38        44.0288                 NaN   23.9183        4.20243        5.29241        22.5580                 NaN
963.554        9040.40        40.3067                 NaN   26.1309                 NaN   6.28982        27.2725                 NaN
965.574        9242.42        40.0665                 NaN   26.1187                 NaN   6.34971        27.4651                 NaN
967.594        9444.44        39.8182                 NaN   26.1063                 NaN   6.41168        27.6638                 NaN
969.615        9646.46        39.5686                 NaN   26.0941                 NaN   6.47399        27.8633                 NaN
971.635        9848.48        39.3056                 NaN   26.0806                 NaN   6.53978        28.0740                 NaN
973.655        10050.5        39.0326                 NaN   26.0692                 NaN   6.60815        28.2901                 NaN
975.675        10252.5        38.7445                 NaN   26.0527                 NaN   6.68043        28.5224                 NaN
977.695        10454.5        38.4476                 NaN   26.0375                 NaN   6.75499        28.7599                 NaN
979.716        10656.6        38.1228                 NaN   26.0201                 NaN   6.83681        29.0203                 NaN
981.736        10858.6        37.8121                 NaN   26.0071                 NaN   6.91488        29.2659                 NaN
983.756        11060.6        37.4741                 NaN   25.9917                 NaN   7.00006        29.5342                 NaN
985.776        11262.6        37.1296                 NaN   25.9752                 NaN   7.08687        29.8083                 NaN
987.796        11464.6        36.7523                 NaN   25.9617                 NaN   7.18219        30.1038                 NaN
989.817        11666.7        36.3575                 NaN   25.9483                 NaN   7.28197        30.4122                 NaN
991.837        11868.7        35.9708                 NaN   25.9368                 NaN   7.37961        30.7128                 NaN
993.857        12070.7        35.5563                 NaN   25.9265                 NaN   7.48443        31.0328                 NaN
995.877        12272.7        35.1008                 NaN   25.9171                 NaN   7.59983        31.3823                 NaN
997.897        12474.7        34.6435                 NaN   25.9187                 NaN   7.71555        31.7223                 NaN
999.918        12676.8        34.1518                 NaN   25.9230                 NaN   7.84010        32.0851                 NaN
1001.94        12878.8        32.6665                 NaN   26.8823                 NaN   7.94254        31.9645       0.544060
1003.96        13080.8        30.1068                 NaN   28.9562                 NaN   8.03491        31.2544        1.64759
1005.98        13282.8        27.4451                 NaN   31.1109                 NaN   8.12468        30.5113        2.80806
1008.00        13484.8        24.9624                 NaN   33.1462                 NaN   8.24288        29.8278        3.82076
1010.02        13686.9        22.9688                 NaN   34.7852                 NaN   8.39435        29.3320        4.51965
1012.04        13888.9        21.1100                 NaN   36.3191                 NaN   8.57229        28.9012        5.09739
1014.06        14090.9        19.3191                 NaN   37.8000                 NaN   8.77712        28.5169        5.58688
1016.08        14292.9        17.6301                 NaN   39.1833                 NaN   9.03813        28.2359        5.91255
1018.10        14494.9        15.6870                 NaN   40.8026                 NaN   9.29018        27.8363        6.38389
1020.12        14697.0        13.8391                 NaN   42.3217                 NaN   9.58650        27.5339        6.71879
1022.14        14899.0        11.8328                 NaN   43.9672                 NaN   9.93834        27.2393        7.02229
1024.16        15101.0        9.68581                 NaN   45.7154                 NaN   10.3418        26.9635        7.29349
1026.18        15303.0        7.25231                 NaN   47.6709                 NaN   10.8385        26.7154        7.52282
1028.20        15505.1        4.53470                 NaN   49.8298                 NaN   11.4180        26.4875        7.73002
1030.22        15707.1        1.86158                 NaN   51.9786                 NaN   11.9765        26.2275        7.95583
1032.24        15909.1                 NaN            NaN   53.4298                 NaN   12.3880        26.1158        8.06640
1034.26        16111.1                 NaN            NaN   53.3516                 NaN   12.4041        26.2158        8.02850
1036.28        16313.1                 NaN            NaN   53.2817                 NaN   12.4187        26.3060        7.99359
1038.30        16515.2                 NaN            NaN   53.1984                 NaN   12.4346        26.4107        7.95631
1040.32        16717.2                 NaN            NaN   53.1202                 NaN   12.4506        26.5105        7.91863
1042.34        16919.2                 NaN            NaN   53.0416                 NaN   12.4657        26.6097        7.88300
1044.36        17121.2                 NaN            NaN   52.9588                 NaN   12.4831        26.7154        7.84265
1046.38        17323.2                 NaN            NaN   52.8802                 NaN   12.4999        26.8164        7.80353
1048.40        17525.3                 NaN            NaN   52.8010                 NaN   12.5145        26.9156        7.76880
1050.42        17727.3                 NaN            NaN   52.7159                 NaN   12.5323        27.0240        7.72790
1052.44        17929.3                 NaN            NaN   52.6349                 NaN   12.5495        27.1276        7.68797
1054.46        18131.3                 NaN            NaN   52.5496                 NaN   12.5665        27.2354        7.64853
1056.48        18333.3                 NaN            NaN   52.4682                 NaN   12.5828        27.3384        7.61058
1058.50        18535.4                 NaN            NaN   52.3823                 NaN   12.6005        27.4474        7.56971
1060.52        18737.4                 NaN            NaN   52.2964                 NaN   12.6184        27.5565        7.52870
1062.54        18939.4                 NaN            NaN   52.2104                 NaN   12.6372        27.6666        7.48577
1064.56        19141.4                 NaN            NaN   52.1321                 NaN   12.6521        27.7653        7.45055
1066.58        19343.4                 NaN            NaN   52.0323                 NaN   12.6727        27.8908        7.40424
1068.60        19545.5                 NaN            NaN   51.9426                 NaN   12.6912        28.0043        7.36190
1070.62        19747.5                 NaN            NaN   51.8591                 NaN   12.7085        28.1103        7.32210
1072.64        19949.5                 NaN            NaN   51.7679                 NaN   12.7270        28.2252        7.27991
1074.67        20151.5                 NaN            NaN   51.6768                 NaN   12.7461        28.3407        7.23644
1076.69        20353.5                 NaN            NaN   51.5840                 NaN   12.7654        28.4579        7.19273
1078.71        20555.6                 NaN            NaN   51.4914                 NaN   12.7845        28.5748        7.14933
1080.73        20757.6                 NaN            NaN   51.3991                 NaN   12.8038        28.6916        7.10553
1082.75        20959.6                 NaN            NaN   51.3031                 NaN   12.8236        28.8126        7.06072
1084.77        21161.6                 NaN            NaN   51.2097                 NaN   12.8431        28.9306        7.01663
1086.79        21363.6                 NaN            NaN   51.1135                 NaN   12.8632        29.0519        6.97132
1088.81        21565.7                 NaN            NaN   51.0224                 NaN   12.8831        29.1682        6.92637
1090.83        21767.7                 NaN            NaN   50.9197                 NaN   12.9037        29.2965        6.88005
1092.85        21969.7                 NaN            NaN   50.8246                 NaN   12.9233        29.4162        6.83587
1094.87        22171.7                 NaN            NaN   50.7257                 NaN   12.9444        29.5414        6.78859
1096.89        22373.7                 NaN            NaN   50.6176                 NaN   12.9663        29.6764        6.73976
1098.91        22575.8                 NaN            NaN   50.5299                 NaN   12.9845        29.7874        6.69813
1100.93        22777.8                 NaN            NaN   50.4291                 NaN   13.0055        29.9142        6.65121
1102.95        22979.8                 NaN            NaN   50.3265                 NaN   13.0282        30.0446        6.60068
1104.97        23181.8                 NaN            NaN   50.2268                 NaN   13.0477        30.1689        6.55665
1106.99        23383.8                 NaN            NaN   50.1283                 NaN   13.0682        30.2928        6.51069
1109.01        23585.9                 NaN            NaN   50.0251                 NaN   13.0897        30.4226        6.46271
1111.03        23787.9                 NaN            NaN   49.9152                 NaN   13.1130        30.5608        6.41100
1113.05        23989.9                 NaN            NaN   49.8167                 NaN   13.1339        30.6853        6.36417
1115.07        24191.9                 NaN            NaN   49.7008                 NaN   13.1577        30.8298        6.31170
1117.09        24393.9                 NaN            NaN   49.6111                 NaN   13.1759        30.9427        6.27029
1119.11        24596.0                 NaN            NaN   49.5038                 NaN   13.1990        31.0781        6.21907
1121.13        24798.0                 NaN            NaN   49.3962                 NaN   13.2211        31.2128        6.16998
1123.15        25000.0                 NaN            NaN   49.3003                 NaN   13.2409        31.3336        6.12518
