|6.6.6
sammon_2021_averaged_norm_1.tab
1
T(K)
200.00000000000011
200.00000000000011
-254257930
11
T(K)           P(bar)         Pl             Pl             Cpx            Cpx            Opx            Gt             ky             qtz            coes
923.150        5000.00        61.1321                 NaN   8.95634                 NaN   23.0463                 NaN            NaN   6.86526                 NaN
925.170        5202.02        61.0966                 NaN   8.98284                 NaN   23.0489                 NaN            NaN   6.87159                 NaN
927.190        5404.04        61.0603                 NaN   9.01041                 NaN   23.0511                 NaN            NaN   6.87824                 NaN
929.211        5606.06        61.0221                 NaN   9.03917                 NaN   23.0533                 NaN            NaN   6.88543                 NaN
931.231        5808.08        60.9826                 NaN   9.06888                 NaN   23.0555                 NaN            NaN   6.89302                 NaN
933.251        6010.10        60.9411                 NaN   9.10011                 NaN   23.0576                 NaN            NaN   6.90117                 NaN
935.271        6212.12        60.8989                 NaN   9.13185                 NaN   23.0597                 NaN            NaN   6.90957                 NaN
937.291        6414.14        60.8551                 NaN   9.16476                 NaN   23.0617                 NaN            NaN   6.91845                 NaN
939.312        6616.16        60.8089                 NaN   9.19934                 NaN   23.0638                 NaN            NaN   6.92798                 NaN
941.332        6818.18        60.7603                 NaN   9.23559                 NaN   23.0659                 NaN            NaN   6.93817                 NaN
943.352        7020.20        60.7091                 NaN   9.27375                 NaN   23.0681                 NaN            NaN   6.94911                 NaN
945.372        7222.22        60.6576                 NaN   9.31249                 NaN   23.0698                 NaN            NaN   6.96015                 NaN
947.392        7424.24        60.6038                 NaN   9.35259                 NaN   23.0718                 NaN            NaN   6.97183                 NaN
949.413        7626.26        60.5465                 NaN   9.39525                 NaN   23.0738                 NaN            NaN   6.98446                 NaN
951.433        7828.28        60.4888                 NaN   9.43852                 NaN   23.0755                 NaN            NaN   6.99721                 NaN
953.453        8030.30        60.4268                 NaN   9.48471                 NaN   23.0774                 NaN            NaN   7.01112                 NaN
955.473        8232.32        60.3611                 NaN   9.53376                 NaN   23.0791                 NaN            NaN   7.02604                 NaN
957.493        8434.34        60.2950                 NaN   9.58286                 NaN   23.0811                 NaN            NaN   7.04107                 NaN
959.514        8636.36        57.4065                 NaN   11.2696                 NaN   19.7685        3.69091                 NaN   7.86450                 NaN
961.534        8838.38        53.0542                 NaN   13.7994                 NaN   14.7444        9.29596                 NaN   9.10603                 NaN
963.554        9040.40        48.7463                 NaN   16.3070                 NaN   9.78417        14.8293                 NaN   10.3331                 NaN
965.574        9242.42        45.2213                 NaN   18.3900                 NaN   5.79546        19.2608                 NaN   11.3325                 NaN
967.594        9444.44        41.2128                 NaN   20.7335                 NaN   1.21735        24.3658                 NaN   12.4706                 NaN
969.615        9646.46        39.9856                 NaN   21.3651                 NaN            NaN   25.8357                 NaN   12.8136                 NaN
971.635        9848.48        39.7588                 NaN   21.3511                 NaN            NaN   26.0186                 NaN   12.8715                 NaN
973.655        10050.5        39.5333                 NaN   21.3359                 NaN            NaN   26.2018                 NaN   12.9290                 NaN
975.675        10252.5        39.2976                 NaN   21.3216                 NaN            NaN   26.3915                 NaN   12.9893                 NaN
977.695        10454.5        39.0553                 NaN   21.3073                 NaN            NaN   26.5860                 NaN   13.0514                 NaN
979.716        10656.6        38.7815                 NaN   21.2901                 NaN            NaN   26.8062                 NaN   13.1221                 NaN
981.736        10858.6        38.5263                 NaN   21.2766                 NaN            NaN   27.0094                 NaN   13.1878                 NaN
983.756        11060.6        38.2479                 NaN   21.2623                 NaN            NaN   27.2302                 NaN   13.2597                 NaN
985.776        11262.6        37.9633                 NaN   21.2496                 NaN            NaN   27.4537                 NaN   13.3333                 NaN
987.796        11464.6        37.6648                 NaN   21.2363                 NaN            NaN   27.6882                 NaN   13.4107                 NaN
989.817        11666.7        37.3278                 NaN   21.2231                 NaN            NaN   27.9505                 NaN   13.4986                 NaN
991.837        11868.7        37.0074                 NaN   21.2137                 NaN            NaN   28.1971                 NaN   13.5819                 NaN
993.857        12070.7        36.6686                 NaN   21.2074                 NaN            NaN   28.4539                 NaN   13.6701                 NaN
995.877        12272.7        36.3104                 NaN   21.2027                 NaN            NaN   28.7233                 NaN   13.7636                 NaN
997.897        12474.7        34.3837                 NaN   22.6628                 NaN            NaN   28.2414       0.880539        13.8315                 NaN
999.918        12676.8        32.0499                 NaN   24.5384                 NaN            NaN   27.5341        1.98088        13.8968                 NaN
1001.94        12878.8        29.8317                 NaN   26.3336                 NaN            NaN   26.8691        2.98783        13.9778                 NaN
1003.96        13080.8        28.1017                 NaN   27.7301                 NaN            NaN   26.3954        3.69267        14.0801                 NaN
1005.98        13282.8        26.8238                 NaN   28.7527                 NaN            NaN   26.1157        4.09381        14.2140                 NaN
1008.00        13484.8        25.1739                 NaN   30.0890                 NaN            NaN   25.6969        4.69237        14.3478                 NaN
1010.02        13686.9        23.9366                 NaN   31.0724                 NaN            NaN   25.4771        4.99285        14.5210                 NaN
1012.04        13888.9        22.0900                 NaN   32.6012                 NaN            NaN   24.9573        5.69830        14.6532                 NaN
1014.06        14090.9        20.6815                 NaN   33.7448                 NaN            NaN   24.6723        6.06125        14.8401                 NaN
1016.08        14292.9        19.2783                 NaN   34.8768                 NaN            NaN   24.4243        6.36589        15.0546                 NaN
1018.10        14494.9        17.8198                 NaN   36.0514                 NaN            NaN   24.1895        6.64120        15.2982                 NaN
1020.12        14697.0        16.2910                 NaN   37.2747                 NaN            NaN   23.9715        6.88900        15.5738                 NaN
1022.14        14899.0        14.6585                 NaN   38.5748                 NaN            NaN   23.7649        7.11355        15.8882                 NaN
1024.16        15101.0        12.8612                 NaN   39.9938                 NaN            NaN   23.5727        7.31472        16.2576                 NaN
1026.18        15303.0        10.8615                 NaN   41.5421                 NaN            NaN   23.4220        7.47229        16.7021                 NaN
1028.20        15505.1        8.82614                 NaN   43.1632                 NaN            NaN   23.1977        7.68513        17.1278                 NaN
1030.22        15707.1        6.38546                 NaN   45.0407                 NaN            NaN   23.0465        7.83564        17.6918                 NaN
1032.24        15909.1        3.53720                 NaN   47.2135                 NaN            NaN   22.9067        7.97325        18.3694                 NaN
1034.26        16111.1       0.880163                 NaN   49.2824                 NaN            NaN   22.7172        8.13776        18.9825                 NaN
1036.28        16313.1                 NaN            NaN   49.9216                 NaN            NaN   22.7185        8.16202        19.1978                 NaN
1038.30        16515.2                 NaN            NaN   49.8680                 NaN            NaN   22.7900        8.13499        19.2070                 NaN
1040.32        16717.2                 NaN            NaN   49.8255                 NaN            NaN   22.8452        8.11810        19.2111                 NaN
1042.34        16919.2                 NaN            NaN   49.7748                 NaN            NaN   22.9127        8.09320        19.2193                 NaN
1044.36        17121.2                 NaN            NaN   49.7217                 NaN            NaN   22.9831        8.06722        19.2280                 NaN
1046.38        17323.2                 NaN            NaN   49.6718                 NaN            NaN   23.0488        8.04407        19.2353                 NaN
1048.40        17525.3                 NaN            NaN   49.6222                 NaN            NaN   23.1149        8.01941        19.2434                 NaN
1050.42        17727.3                 NaN            NaN   49.5624                 NaN            NaN   23.1934        7.99048        19.2537                 NaN
1052.44        17929.3                 NaN            NaN   49.5202                 NaN            NaN   23.2500        7.97024        19.2596                 NaN
1054.46        18131.3                 NaN            NaN   49.4655                 NaN            NaN   23.3234        7.94132        19.2699                 NaN
1056.48        18333.3                 NaN            NaN   49.4110                 NaN            NaN   23.3968        7.91188        19.2804                 NaN
1058.50        18535.4                 NaN            NaN   49.3525                 NaN            NaN   23.4705        7.88942        19.2876                 NaN
1060.52        18737.4                 NaN            NaN   49.2979                 NaN            NaN   23.5438        7.86029        19.2980                 NaN
1062.54        18939.4                 NaN            NaN   49.2462                 NaN            NaN   23.6130        7.83353        19.3073                 NaN
1064.56        19141.4                 NaN            NaN   49.1920                 NaN            NaN   23.6830        7.80984        19.3151                 NaN
1066.58        19343.4                 NaN            NaN   49.1367                 NaN            NaN   23.7548        7.78506        19.3235                 NaN
1068.60        19545.5                 NaN            NaN   49.0848                 NaN            NaN   23.8234        7.75972        19.3321                 NaN
1070.62        19747.5                 NaN            NaN   49.0277                 NaN            NaN   23.8978        7.73310        19.3414                 NaN
1072.64        19949.5                 NaN            NaN   48.9750                 NaN            NaN   23.9676        7.70697        19.3505                 NaN
1074.67        20151.5                 NaN            NaN   48.9084                 NaN            NaN   24.0560        7.67127        19.3643                 NaN
1076.69        20353.5                 NaN            NaN   48.8556                 NaN            NaN   24.1210        7.65451        19.3689                 NaN
1078.71        20555.6                 NaN            NaN   48.7930                 NaN            NaN   24.2060        7.61773        19.3833                 NaN
1080.73        20757.6                 NaN            NaN   48.7403                 NaN            NaN   24.2739        7.59501        19.3907                 NaN
1082.75        20959.6                 NaN            NaN   48.6708                 NaN            NaN   24.3670        7.55583        19.4064                 NaN
1084.77        21161.6                 NaN            NaN   48.6156                 NaN            NaN   24.4363        7.53518        19.4129                 NaN
1086.79        21363.6                 NaN            NaN   48.5528                 NaN            NaN   24.5195        7.50216        19.4255                 NaN
1088.81        21565.7                 NaN            NaN   48.4970                 NaN            NaN   24.5941        7.47241        19.4365                 NaN
1090.83        21767.7                 NaN            NaN   48.4330                 NaN            NaN   24.6761        7.44397        19.4469                 NaN
1092.85        21969.7                 NaN            NaN   48.3681                 NaN            NaN   24.7604        7.41290        19.4586                 NaN
1094.87        22171.7                 NaN            NaN   48.3053                 NaN            NaN   24.8396        7.38726        19.4677                 NaN
1096.89        22373.7                 NaN            NaN   48.2472                 NaN            NaN   24.9157        7.35913        19.4780                 NaN
1098.91        22575.8                 NaN            NaN   48.1713                 NaN            NaN   25.0124        7.32487        19.4915                 NaN
1100.93        22777.8                 NaN            NaN   48.1201                 NaN            NaN   25.0805        7.29883        19.5006                 NaN
1102.95        22979.8                 NaN            NaN   48.0535                 NaN            NaN   25.1668        7.26679        19.5129                 NaN
1104.97        23181.8                 NaN            NaN   47.9889                 NaN            NaN   25.2507        7.23564        19.5248                 NaN
1106.99        23383.8                 NaN            NaN   47.9243                 NaN            NaN   25.3341        7.20540        19.5362                 NaN
1109.01        23585.9                 NaN            NaN   47.8566                 NaN            NaN   25.4218        7.17282        19.5488                 NaN
1111.03        23787.9                 NaN            NaN   47.7955                 NaN            NaN   25.5026        7.14096        19.5609                 NaN
1113.05        23989.9                 NaN            NaN   47.7259                 NaN            NaN   25.5933        7.10616        19.5746                 NaN
1115.07        24191.9                 NaN            NaN   47.6594                 NaN            NaN   25.6768        7.07941        19.5845                 NaN
1117.09        24393.9                 NaN            NaN   47.5894                 NaN            NaN   25.7682        7.04381        19.5986                 NaN
1119.11        24596.0                 NaN            NaN   47.5191                 NaN            NaN   25.8577        7.01274        19.6105                 NaN
1121.13        24798.0                 NaN            NaN   47.4555                 NaN            NaN   25.9401        6.98219        19.6221                 NaN
1123.15        25000.0                 NaN            NaN   47.3868                 NaN            NaN   26.0285        6.95001        19.6346                 NaN
