|6.6.6
xu_2008_harzburgite_1.tab
1
T(K)
200.00000000000011
200.00000000000011
-1210120970
10
T(K) P(bar) alm di en fa fo herc an sp
923.150 5000.00 NaN 3.49957 16.4653 8.25942 69.9997 1.77599 NaN NaN
925.170 5202.02 NaN 3.49954 16.4647 8.25954 70.0002 1.77609 NaN NaN
927.190 5404.04 NaN 3.49951 16.4640 8.25965 70.0006 1.77620 NaN NaN
929.211 5606.06 NaN 3.49948 16.4634 8.25976 70.0010 1.77630 NaN NaN
931.231 5808.08 NaN 3.49945 16.4628 8.25988 70.0015 1.77640 NaN NaN
933.251 6010.10 NaN 3.49941 16.4622 8.25999 70.0019 1.77651 NaN NaN
935.271 6212.12 NaN 3.49938 16.4615 8.26010 70.0024 1.77661 NaN NaN
937.291 6414.14 NaN 3.49935 16.4609 8.26021 70.0028 1.77672 NaN NaN
939.312 6616.16 NaN 3.49932 16.4603 8.26033 70.0032 1.77682 NaN NaN
941.332 6818.18 NaN 3.49929 16.4597 8.26044 70.0037 1.77692 NaN NaN
943.352 7020.20 NaN 3.49926 16.4591 8.26055 70.0041 1.77703 NaN NaN
945.372 7222.22 NaN 3.49923 16.4585 8.26066 70.0045 1.77713 NaN NaN
947.392 7424.24 5.04552 3.51405 11.0536 6.26867 74.1182 NaN NaN NaN
949.413 7626.26 5.04572 3.51401 11.0531 6.26873 74.1184 NaN NaN NaN
951.433 7828.28 5.04592 3.51397 11.0527 6.26880 74.1186 NaN NaN NaN
953.453 8030.30 5.04611 3.51393 11.0522 6.26886 74.1189 NaN NaN NaN
955.473 8232.32 5.04631 3.51389 11.0518 6.26893 74.1191 NaN NaN NaN
957.493 8434.34 5.04651 3.51385 11.0514 6.26899 74.1193 NaN NaN NaN
959.514 8636.36 5.04670 3.51380 11.0509 6.26905 74.1195 NaN NaN NaN
961.534 8838.38 5.04690 3.51376 11.0505 6.26912 74.1197 NaN NaN NaN
963.554 9040.40 5.04709 3.51372 11.0500 6.26918 74.1200 NaN NaN NaN
965.574 9242.42 5.04729 3.51368 11.0496 6.26925 74.1202 NaN NaN NaN
967.594 9444.44 5.04749 3.51364 11.0492 6.26931 74.1204 NaN NaN NaN
969.615 9646.46 5.04768 3.51360 11.0487 6.26937 74.1206 NaN NaN NaN
971.635 9848.48 5.04788 3.51356 11.0483 6.26944 74.1208 NaN NaN NaN
973.655 10050.5 5.04807 3.51352 11.0478 6.26950 74.1211 NaN NaN NaN
975.675 10252.5 5.04827 3.51348 11.0474 6.26956 74.1213 NaN NaN NaN
977.695 10454.5 5.04846 3.51344 11.0470 6.26963 74.1215 NaN NaN NaN
979.716 10656.6 5.04866 3.51340 11.0465 6.26969 74.1217 NaN NaN NaN
981.736 10858.6 5.04885 3.51336 11.0461 6.26975 74.1219 NaN NaN NaN
983.756 11060.6 5.04905 3.51332 11.0457 6.26981 74.1221 NaN NaN NaN
985.776 11262.6 5.04924 3.51328 11.0453 6.26988 74.1223 NaN NaN NaN
987.796 11464.6 5.04944 3.51324 11.0448 6.26994 74.1226 NaN NaN NaN
989.817 11666.7 5.04963 3.51320 11.0444 6.27000 74.1228 NaN NaN NaN
991.837 11868.7 5.04983 3.51316 11.0440 6.27006 74.1230 NaN NaN NaN
993.857 12070.7 5.05002 3.51312 11.0435 6.27012 74.1232 NaN NaN NaN
995.877 12272.7 5.05022 3.51308 11.0431 6.27019 74.1234 NaN NaN NaN
997.897 12474.7 5.05041 3.51304 11.0427 6.27025 74.1236 NaN NaN NaN
999.918 12676.8 5.05060 3.51300 11.0423 6.27031 74.1238 NaN NaN NaN
1001.94 12878.8 5.05080 3.51297 11.0418 6.27037 74.1240 NaN NaN NaN
1003.96 13080.8 5.05099 3.51293 11.0414 6.27043 74.1242 NaN NaN NaN
1005.98 13282.8 5.05118 3.51289 11.0410 6.27049 74.1244 NaN NaN NaN
1008.00 13484.8 5.05138 3.51285 11.0406 6.27055 74.1246 NaN NaN NaN
1010.02 13686.9 5.05157 3.51281 11.0402 6.27062 74.1248 NaN NaN NaN
1012.04 13888.9 5.05177 3.51277 11.0397 6.27068 74.1250 NaN NaN NaN
1014.06 14090.9 5.05196 3.51274 11.0393 6.27074 74.1253 NaN NaN NaN
1016.08 14292.9 5.05215 3.51270 11.0389 6.27080 74.1255 NaN NaN NaN
1018.10 14494.9 5.05234 3.51266 11.0385 6.27086 74.1257 NaN NaN NaN
1020.12 14697.0 5.05254 3.51262 11.0381 6.27092 74.1259 NaN NaN NaN
1022.14 14899.0 5.05273 3.51258 11.0376 6.27098 74.1261 NaN NaN NaN
1024.16 15101.0 5.05292 3.51255 11.0372 6.27104 74.1263 NaN NaN NaN
1026.18 15303.0 5.05312 3.51251 11.0368 6.27110 74.1265 NaN NaN NaN
1028.20 15505.1 5.05331 3.51247 11.0364 6.27116 74.1267 NaN NaN NaN
1030.22 15707.1 5.05350 3.51243 11.0360 6.27122 74.1269 NaN NaN NaN
1032.24 15909.1 5.05369 3.51240 11.0356 6.27128 74.1270 NaN NaN NaN
1034.26 16111.1 5.05388 3.51236 11.0352 6.27134 74.1272 NaN NaN NaN
1036.28 16313.1 5.05408 3.51232 11.0348 6.27140 74.1274 NaN NaN NaN
1038.30 16515.2 5.05427 3.51229 11.0344 6.27146 74.1276 NaN NaN NaN
1040.32 16717.2 5.05446 3.51225 11.0339 6.27152 74.1278 NaN NaN NaN
1042.34 16919.2 5.05465 3.51221 11.0335 6.27157 74.1280 NaN NaN NaN
1044.36 17121.2 5.05484 3.51218 11.0331 6.27163 74.1282 NaN NaN NaN
1046.38 17323.2 5.05503 3.51214 11.0327 6.27169 74.1284 NaN NaN NaN
1048.40 17525.3 5.05523 3.51210 11.0323 6.27175 74.1286 NaN NaN NaN
1050.42 17727.3 5.05542 3.51207 11.0319 6.27181 74.1288 NaN NaN NaN
1052.44 17929.3 5.05561 3.51203 11.0315 6.27187 74.1290 NaN NaN NaN
1054.46 18131.3 5.05580 3.51199 11.0311 6.27193 74.1292 NaN NaN NaN
1056.48 18333.3 5.05599 3.51196 11.0307 6.27199 74.1294 NaN NaN NaN
1058.50 18535.4 5.05618 3.51192 11.0303 6.27204 74.1295 NaN NaN NaN
1060.52 18737.4 5.05637 3.51189 11.0299 6.27210 74.1297 NaN NaN NaN
1062.54 18939.4 5.05656 3.51185 11.0295 6.27216 74.1299 NaN NaN NaN
1064.56 19141.4 5.05675 3.51182 11.0291 6.27222 74.1301 NaN NaN NaN
1066.58 19343.4 5.05694 3.51178 11.0287 6.27227 74.1303 NaN NaN NaN
1068.60 19545.5 5.05713 3.51174 11.0283 6.27233 74.1305 NaN NaN NaN
1070.62 19747.5 5.05732 3.51171 11.0279 6.27239 74.1307 NaN NaN NaN
1072.64 19949.5 5.05751 3.51167 11.0275 6.27245 74.1309 NaN NaN NaN
1074.67 20151.5 5.05770 3.51164 11.0271 6.27250 74.1310 NaN NaN NaN
1076.69 20353.5 5.05789 3.51160 11.0267 6.27256 74.1312 NaN NaN NaN
1078.71 20555.6 5.05808 3.51157 11.0263 6.27262 74.1314 NaN NaN NaN
1080.73 20757.6 5.05827 3.51153 11.0259 6.27268 74.1316 NaN NaN NaN
1082.75 20959.6 5.05846 3.51150 11.0255 6.27273 74.1318 NaN NaN NaN
1084.77 21161.6 5.05865 3.51147 11.0252 6.27279 74.1319 NaN NaN NaN
1086.79 21363.6 5.05884 3.51143 11.0248 6.27285 74.1321 NaN NaN NaN
1088.81 21565.7 5.05903 3.51140 11.0244 6.27290 74.1323 NaN NaN NaN
1090.83 21767.7 5.05922 3.51136 11.0240 6.27296 74.1325 NaN NaN NaN
1092.85 21969.7 5.05941 3.51133 11.0236 6.27301 74.1327 NaN NaN NaN
1094.87 22171.7 5.05960 3.51129 11.0232 6.27307 74.1328 NaN NaN NaN
1096.89 22373.7 5.05979 3.51126 11.0228 6.27313 74.1330 NaN NaN NaN
1098.91 22575.8 5.05998 3.51123 11.0224 6.27318 74.1332 NaN NaN NaN
1100.93 22777.8 5.06016 3.51119 11.0220 6.27324 74.1334 NaN NaN NaN
1102.95 22979.8 5.06035 3.51116 11.0217 6.27329 74.1335 NaN NaN NaN
1104.97 23181.8 5.06054 3.51113 11.0213 6.27335 74.1337 NaN NaN NaN
1106.99 23383.8 5.06073 3.51109 11.0209 6.27340 74.1339 NaN NaN NaN
1109.01 23585.9 5.06092 3.51106 11.0205 6.27346 74.1341 NaN NaN NaN
1111.03 23787.9 5.06111 3.51103 11.0201 6.27352 74.1342 NaN NaN NaN
1113.05 23989.9 5.06129 3.51099 11.0197 6.27357 74.1344 NaN NaN NaN
1115.07 24191.9 5.06148 3.51096 11.0194 6.27363 74.1346 NaN NaN NaN
1117.09 24393.9 5.06167 3.51093 11.0190 6.27368 74.1347 NaN NaN NaN
1119.11 24596.0 5.06186 3.51089 11.0186 6.27374 74.1349 NaN NaN NaN
1121.13 24798.0 5.06204 3.51086 11.0182 6.27379 74.1351 NaN NaN NaN
1123.15 25000.0 5.06223 3.51083 11.0178 6.27384 74.1353 NaN NaN NaN
