|6.6.6
sammon_2021_eclogite_xenoliths_1.tab
1
T(K)
500.00000000000011
500.00000000000011
704222454
11
T(K)           P(bar)         O              Pl             Pl             Cpx            Opx            Sp             Gt             ky             qtz
773.150        25000.0                 NaN            NaN            NaN   56.5538                 NaN            NaN   35.2094        7.62651       0.610319
778.201        24798.0                 NaN            NaN            NaN   56.4677                 NaN            NaN   35.3163        7.58498       0.631044
783.251        24596.0                 NaN            NaN            NaN   56.3876                 NaN            NaN   35.4158        7.54611       0.650461
788.302        24393.9                 NaN            NaN            NaN   56.3095                 NaN            NaN   35.5131        7.50795       0.669533
793.352        24191.9                 NaN            NaN            NaN   56.2237                 NaN            NaN   35.6196        7.46622       0.690410
798.403        23989.9                 NaN            NaN            NaN   56.1486                 NaN            NaN   35.7133        7.42914       0.708974
803.453        23787.9                 NaN            NaN            NaN   56.0673                 NaN            NaN   35.8146        7.38908       0.729042
808.504        23585.9                 NaN            NaN            NaN   55.9875                 NaN            NaN   35.9141        7.34950       0.748883
813.554        23383.8                 NaN            NaN            NaN   55.9016                 NaN            NaN   36.0212        7.30711       0.770155
818.605        23181.8                 NaN            NaN            NaN   55.8225                 NaN            NaN   36.1201        7.26732       0.790131
823.655        22979.8                 NaN            NaN            NaN   55.7437                 NaN            NaN   36.2187        7.22754       0.810124
828.706        22777.8                 NaN            NaN            NaN   55.6615                 NaN            NaN   36.3215        7.18606       0.830984
833.756        22575.8                 NaN            NaN            NaN   55.5779                 NaN            NaN   36.4261        7.14367       0.852322
838.807        22373.7                 NaN            NaN            NaN   55.4968                 NaN            NaN   36.5279        7.10204       0.873289
843.857        22171.7                 NaN            NaN            NaN   55.4207                 NaN            NaN   36.6236        7.06234       0.893304
848.908        21969.7                 NaN            NaN            NaN   55.3327                 NaN            NaN   36.7341        7.01712       0.916116
853.958        21767.7                 NaN            NaN            NaN   55.2474                 NaN            NaN   36.8414        6.97270       0.938539
859.009        21565.7                 NaN            NaN            NaN   55.1651                 NaN            NaN   36.9452        6.92910       0.960567
864.059        21363.6                 NaN            NaN            NaN   55.0829                 NaN            NaN   37.0492        6.88519       0.982774
869.110        21161.6                 NaN            NaN            NaN   54.9980                 NaN            NaN   37.1566        6.83960        1.00584
874.160        20959.6                 NaN            NaN            NaN   54.9095                 NaN            NaN   37.2685        6.79214        1.02988
879.211        20757.6                 NaN            NaN            NaN   54.8312                 NaN            NaN   37.3684        6.74844        1.05203
884.261        20555.6                 NaN            NaN            NaN   54.7475                 NaN            NaN   37.4750        6.70189        1.07565
889.312        20353.5                 NaN            NaN            NaN   54.6550                 NaN            NaN   37.5927        6.65077        1.10159
894.362        20151.5                 NaN            NaN            NaN   54.5782                 NaN            NaN   37.6914        6.60615        1.12427
899.413        19949.5                 NaN            NaN            NaN   54.4950                 NaN            NaN   37.7982        6.55819        1.14866
904.463        19747.5                 NaN            NaN            NaN   54.4062                 NaN            NaN   37.9122        6.50690        1.17476
909.514        19545.5                 NaN            NaN            NaN   54.3257                 NaN            NaN   38.0165        6.45836        1.19949
914.564        19343.4                 NaN            NaN            NaN   54.2390                 NaN            NaN   38.1287        6.40626        1.22605
919.615        19141.4                 NaN            NaN            NaN   54.1518                 NaN            NaN   38.2417        6.35348        1.25297
924.665        18939.4                 NaN            NaN            NaN   54.0752                 NaN            NaN   38.3426        6.30382        1.27833
929.716        18737.4                 NaN            NaN            NaN   53.9833                 NaN            NaN   38.4623        6.24711        1.30730
934.766        18535.4                 NaN            NaN            NaN   53.8964                 NaN            NaN   38.5765        6.19125        1.33586
939.817        18333.3                 NaN            NaN            NaN   53.8127                 NaN            NaN   38.6874        6.13564        1.36433
944.867        18131.3                 NaN            NaN            NaN   53.7228                 NaN            NaN   38.8063        6.07603        1.39485
949.918        17929.3                 NaN            NaN            NaN   53.6395                 NaN            NaN   38.9179        6.01796        1.42462
954.968        17727.3                 NaN            NaN            NaN   53.5506                 NaN            NaN   39.0371        5.95584        1.45647
960.019        17525.3                 NaN            NaN            NaN   53.4655                 NaN            NaN   39.1521        5.89432        1.48806
965.069        17323.2                 NaN            NaN            NaN   53.3715                 NaN            NaN   39.2793        5.82607        1.52309
970.120        17121.2                 NaN            NaN            NaN   53.2875                 NaN            NaN   39.3947        5.76159        1.55626
975.170        16919.2                 NaN            NaN            NaN   53.2060                 NaN            NaN   39.5078        5.69634        1.58985
980.221        16717.2                 NaN            NaN            NaN   53.1180                 NaN            NaN   39.6298        5.62631        1.62592
985.271        16515.2                 NaN            NaN            NaN   53.0268                 NaN            NaN   39.7567        5.55260        1.66390
990.322        16313.1                 NaN            NaN            NaN   52.9354                 NaN            NaN   39.8856        5.47520        1.70379
995.372        16111.1                 NaN            NaN            NaN   52.8524                 NaN            NaN   40.0047        5.40060        1.74232
1000.42        15909.1                 NaN            NaN            NaN   52.7651                 NaN            NaN   40.1305        5.32088        1.78351
1005.47        15707.1                 NaN            NaN            NaN   52.6870                 NaN            NaN   40.2466        5.24217        1.82424
1010.52        15505.1                 NaN            NaN            NaN   52.5828                 NaN            NaN   40.3961        5.14831        1.87275
1015.57        15303.0                 NaN            NaN            NaN   52.4956                 NaN            NaN   40.5268        5.05817        1.91942
1020.62        15101.0                 NaN            NaN            NaN   52.4030                 NaN            NaN   40.6658        4.96189        1.96930
1025.68        14899.0                 NaN            NaN            NaN   52.3153                 NaN            NaN   40.8006        4.86418        2.01999
1030.73        14697.0                 NaN            NaN            NaN   52.2208                 NaN            NaN   40.9459        4.75841        2.07488
1035.78        14494.9                 NaN            NaN            NaN   52.1301                 NaN            NaN   41.0898        4.64787        2.13230
1040.83        14292.9                 NaN   1.43990                 NaN   50.7326                 NaN            NaN   41.5597        4.28896        1.97881
1045.88        14090.9                 NaN   3.75174                 NaN   48.5346                 NaN            NaN   42.2448        3.76286        1.70595
1050.93        13888.9                 NaN   6.21790                 NaN   46.1481                 NaN            NaN   43.0999        3.03463        1.49947
1055.98        13686.9                 NaN   9.36581                 NaN   43.1257                 NaN            NaN   44.2815        1.87436        1.35259
1061.03        13484.8                 NaN   13.5767                 NaN   39.1823                 NaN            NaN   45.8800       0.846850E-001   1.27624
1066.08        13282.8                 NaN   14.6910                 NaN   38.9127                 NaN            NaN   45.3391                 NaN   1.05725
1071.13        13080.8                 NaN   15.5402                 NaN   38.8348                 NaN            NaN   44.7678                 NaN  0.857215
1076.18        12878.8                 NaN   16.3326                 NaN   38.7788                 NaN            NaN   44.2183                 NaN  0.670294
1081.23        12676.8                 NaN   17.0688                 NaN   38.7432                 NaN            NaN   43.6917                 NaN  0.496379
1086.28        12474.7                 NaN   17.7491                 NaN   38.7247                 NaN            NaN   43.1908                 NaN  0.335392
1091.33        12272.7                 NaN   18.3982                 NaN   38.7132                 NaN            NaN   42.7071                 NaN  0.181480
1096.38        12070.7                 NaN   19.0000                 NaN   38.7110                 NaN            NaN   42.2505                 NaN  0.384549E-001
1101.43        11868.7                 NaN   19.1615                 NaN   38.8033                 NaN            NaN   42.0352                 NaN            NaN
1106.48        11666.7                 NaN   19.1615                 NaN   38.9236                 NaN            NaN   41.9149                 NaN            NaN
1111.53        11464.6                 NaN   19.1614                 NaN   39.0476                 NaN            NaN   41.7910                 NaN            NaN
1116.58        11262.6                 NaN   19.1612                 NaN   39.1746                 NaN            NaN   41.6641                 NaN            NaN
1121.63        11060.6                 NaN   19.1611                 NaN   39.2988                 NaN            NaN   41.5401                 NaN            NaN
1126.69        10858.6                 NaN   19.1608                 NaN   39.4340                 NaN            NaN   41.4051                 NaN            NaN
1131.74        10656.6                 NaN   19.1605                 NaN   39.5692                 NaN            NaN   41.2703                 NaN            NaN
1136.79        10454.5                 NaN   19.1602                 NaN   39.7058                 NaN            NaN   41.1340                 NaN            NaN
1141.84        10252.5                 NaN   19.1598                 NaN   39.8424                 NaN            NaN   40.9979                 NaN            NaN
1146.89        10050.5                 NaN   19.4754                 NaN   40.0160                 NaN  0.134823        40.3737                 NaN            NaN
1151.94        9848.48                 NaN   22.4106                 NaN   38.8704        4.61918        1.40982        32.6901                 NaN            NaN
1156.99        9646.46                 NaN   26.9159                 NaN   37.0379        12.1023        3.37199        20.5719                 NaN            NaN
1162.04        9444.44                 NaN   31.6632                 NaN   35.1884        20.0455        5.44412        7.65877                 NaN            NaN
1167.09        9242.42                 NaN   34.4794                 NaN   34.1088        24.7384        6.67339                 NaN            NaN            NaN
1172.14        9040.40                 NaN   34.5233                 NaN   34.0856        24.7007        6.69049                 NaN            NaN            NaN
1177.19        8838.38        6.63646        42.2424                 NaN   28.0379        19.1323        3.95091                 NaN            NaN            NaN
1182.24        8636.36        16.1802        53.3147                 NaN   19.3573        11.1478                 NaN            NaN            NaN            NaN
1187.29        8434.34        16.2503        53.4663                 NaN   19.2465        11.0369                 NaN            NaN            NaN            NaN
1192.34        8232.32        16.3171        53.6112                 NaN   19.1402        10.9315                 NaN            NaN            NaN            NaN
1197.39        8030.30        16.3785        53.7441                 NaN   19.0436        10.8338                 NaN            NaN            NaN            NaN
1202.44        7828.28        16.4347        53.8658                 NaN   18.9554        10.7441                 NaN            NaN            NaN            NaN
1207.49        7626.26        16.4887        53.9830                 NaN   18.8705        10.6578                 NaN            NaN            NaN            NaN
1212.54        7424.24        16.5387        54.0915                 NaN   18.7923        10.5776                 NaN            NaN            NaN            NaN
1217.59        7222.22        16.5841        54.1899                 NaN   18.7222        10.5038                 NaN            NaN            NaN            NaN
1222.64        7020.20        16.6279        54.2851                 NaN   18.6539        10.4331                 NaN            NaN            NaN            NaN
1227.70        6818.18        16.6716        54.3798                 NaN   18.5860        10.3626                 NaN            NaN            NaN            NaN
1232.75        6616.16        16.7113        54.4663                 NaN   18.5244        10.2980                 NaN            NaN            NaN            NaN
1237.80        6414.14        16.7488        54.5476                 NaN   18.4669        10.2367                 NaN            NaN            NaN            NaN
1242.85        6212.12        16.7829        54.6218                 NaN   18.4149        10.1804                 NaN            NaN            NaN            NaN
1247.90        6010.10        16.8161        54.6940                 NaN   18.3640        10.1258                 NaN            NaN            NaN            NaN
1252.95        5808.08        16.8486        54.7648                 NaN   18.3144        10.0722                 NaN            NaN            NaN            NaN
1258.00        5606.06        16.8793        54.8315                 NaN   18.2676        10.0216                 NaN            NaN            NaN            NaN
1263.05        5404.04        16.9082        54.8946                 NaN   18.2234        9.97377                 NaN            NaN            NaN            NaN
1268.10        5202.02        16.9354        54.9537                 NaN   18.1826        9.92838                 NaN            NaN            NaN            NaN
1273.15        5000.00        16.9627        55.0131                 NaN   18.1409        9.88330                 NaN            NaN            NaN            NaN
