|6.6.6
sammon_2022_M85_1.tab
1
T(K)
200.00000000000011
200.00000000000011
-1885956874
11
T(K) P(bar) Pl Pl Cpx Cpx Gt ky qtz coes Opx
923.150 5000.00 64.5517 NaN 4.00283 NaN NaN NaN 8.61262 NaN 22.8329
925.170 5202.02 64.5298 NaN 4.01881 NaN NaN NaN 8.61502 NaN 22.8364
927.190 5404.04 64.5073 NaN 4.03580 NaN NaN NaN 8.61769 NaN 22.8392
929.211 5606.06 64.4835 NaN 4.05349 NaN NaN NaN 8.62076 NaN 22.8422
931.231 5808.08 64.4588 NaN 4.07185 NaN NaN NaN 8.62415 NaN 22.8452
933.251 6010.10 64.4327 NaN 4.09136 NaN NaN NaN 8.62800 NaN 22.8479
935.271 6212.12 64.4060 NaN 4.11122 NaN NaN NaN 8.63206 NaN 22.8508
937.291 6414.14 64.3781 NaN 4.13188 NaN NaN NaN 8.63648 NaN 22.8535
939.312 6616.16 64.3486 NaN 4.15363 NaN NaN NaN 8.64138 NaN 22.8564
941.332 6818.18 64.3175 NaN 4.17646 NaN NaN NaN 8.64678 NaN 22.8593
943.352 7020.20 64.2848 NaN 4.20048 NaN NaN NaN 8.65265 NaN 22.8621
945.372 7222.22 64.2528 NaN 4.22560 NaN NaN NaN 8.65838 NaN 22.8633
947.392 7424.24 64.2166 NaN 4.25077 NaN NaN NaN 8.66523 NaN 22.8674
949.413 7626.26 64.1794 NaN 4.27816 NaN NaN NaN 8.67242 NaN 22.8700
951.433 7828.28 62.6529 NaN 5.14737 NaN 1.98501 NaN 9.11965 NaN 21.0950
953.453 8030.30 58.0802 NaN 7.76557 NaN 7.99527 NaN 10.4642 NaN 15.6948
955.473 8232.32 54.2744 NaN 9.98009 NaN 12.9358 NaN 11.5792 NaN 11.2306
957.493 8434.34 49.4309 NaN 12.7370 NaN 19.3150 NaN 13.0017 NaN 5.51550
959.514 8636.36 45.3851 NaN 15.0630 NaN 24.5930 NaN 14.1857 NaN 0.773092
961.534 8838.38 44.5794 NaN 15.4086 NaN 25.5961 NaN 14.4159 NaN NaN
963.554 9040.40 44.4058 NaN 15.3635 NaN 25.7704 NaN 14.4603 NaN NaN
965.574 9242.42 44.2229 NaN 15.3150 NaN 25.9546 NaN 14.5074 NaN NaN
967.594 9444.44 44.0280 NaN 15.2621 NaN 26.1521 NaN 14.5579 NaN NaN
969.615 9646.46 43.8385 NaN 15.2122 NaN 26.3425 NaN 14.6068 NaN NaN
971.635 9848.48 43.6315 NaN 15.1550 NaN 26.5527 NaN 14.6608 NaN NaN
973.655 10050.5 43.4225 NaN 15.0976 NaN 26.7645 NaN 14.7153 NaN NaN
975.675 10252.5 43.2053 NaN 15.0378 NaN 26.9847 NaN 14.7722 NaN NaN
977.695 10454.5 42.9822 NaN 14.9755 NaN 27.2115 NaN 14.8307 NaN NaN
979.716 10656.6 42.7301 NaN 14.9011 NaN 27.4713 NaN 14.8975 NaN NaN
981.736 10858.6 42.4966 NaN 14.8365 NaN 27.7079 NaN 14.9590 NaN NaN
983.756 11060.6 42.2420 NaN 14.7643 NaN 27.9674 NaN 15.0264 NaN NaN
985.776 11262.6 41.9838 NaN 14.6924 NaN 28.2290 NaN 15.0948 NaN NaN
987.796 11464.6 41.7117 NaN 14.6143 NaN 28.5068 NaN 15.1672 NaN NaN
989.817 11666.7 41.4265 NaN 14.5330 NaN 28.7973 NaN 15.2433 NaN NaN
991.837 11868.7 41.1207 NaN 14.4456 NaN 29.1087 NaN 15.3251 NaN NaN
993.857 12070.7 40.8046 NaN 14.3559 NaN 29.4297 NaN 15.4098 NaN NaN
995.877 12272.7 40.4892 NaN 14.2707 NaN 29.7458 NaN 15.4943 NaN NaN
997.897 12474.7 40.1650 NaN 14.1845 NaN 30.0693 NaN 15.5812 NaN NaN
999.918 12676.8 39.7894 NaN 14.0852 NaN 30.4429 NaN 15.6825 NaN NaN
1001.94 12878.8 39.4513 NaN 14.0019 NaN 30.7737 NaN 15.7732 NaN NaN
1003.96 13080.8 39.0706 NaN 13.9099 NaN 31.1438 NaN 15.8757 NaN NaN
1005.98 13282.8 38.6714 NaN 13.8263 NaN 31.5190 NaN 15.9833 NaN NaN
1008.00 13484.8 37.6252 NaN 14.3596 NaN 31.5718 0.356332 16.0870 NaN NaN
1010.02 13686.9 35.5735 NaN 15.9881 NaN 31.0052 1.23408 16.1991 NaN NaN
1012.04 13888.9 33.2764 NaN 17.8080 NaN 30.3543 2.25506 16.3062 NaN NaN
1014.06 14090.9 31.2413 NaN 19.4594 NaN 29.7767 3.08634 16.4363 NaN NaN
1016.08 14292.9 29.4018 NaN 20.9740 NaN 29.2706 3.76435 16.5893 NaN NaN
1018.10 14494.9 27.6173 NaN 22.4639 NaN 28.7899 4.36179 16.7671 NaN NaN
1020.12 14697.0 25.8650 NaN 23.9427 NaN 28.3340 4.88644 16.9719 NaN NaN
1022.14 14899.0 24.0870 NaN 25.4507 NaN 27.8961 5.35524 17.2110 NaN NaN
1024.16 15101.0 22.2309 NaN 27.0233 NaN 27.4799 5.76693 17.4990 NaN NaN
1026.18 15303.0 20.3114 NaN 28.6264 NaN 27.1269 6.08476 17.8505 NaN NaN
1028.20 15505.1 18.1908 NaN 30.4522 NaN 26.6356 6.52901 18.1923 NaN NaN
1030.22 15707.1 15.9445 NaN 32.3331 NaN 26.2409 6.85468 18.6269 NaN NaN
1032.24 15909.1 13.2368 NaN 34.5285 NaN 25.9057 7.10784 19.2212 NaN NaN
1034.26 16111.1 10.7243 NaN 36.6546 NaN 25.4501 7.45610 19.7149 NaN NaN
1036.28 16313.1 7.08184 NaN 39.5225 NaN 25.1430 7.67639 20.5762 NaN NaN
1038.30 16515.2 4.27673 NaN 41.8693 NaN 24.7000 7.98795 21.1660 NaN NaN
1040.32 16717.2 0.630494 NaN 44.7824 NaN 24.3336 8.24392 22.0095 NaN NaN
1042.34 16919.2 NaN NaN 45.2348 NaN 24.3368 8.26554 22.1629 NaN NaN
1044.36 17121.2 NaN NaN 45.1746 NaN 24.4139 8.24110 22.1705 NaN NaN
1046.38 17323.2 NaN NaN 45.1200 NaN 24.4841 8.21906 22.1769 NaN NaN
1048.40 17525.3 NaN NaN 45.0643 NaN 24.5557 8.19631 22.1836 NaN NaN
1050.42 17727.3 NaN NaN 45.0056 NaN 24.6308 8.17265 22.1909 NaN NaN
1052.44 17929.3 NaN NaN 44.9492 NaN 24.7035 8.14938 22.1980 NaN NaN
1054.46 18131.3 NaN NaN 44.8913 NaN 24.7784 8.12432 22.2060 NaN NaN
1056.48 18333.3 NaN NaN 44.8311 NaN 24.8566 8.09730 22.2150 NaN NaN
1058.50 18535.4 NaN NaN 44.7728 NaN 24.9292 8.07757 22.2205 NaN NaN
1060.52 18737.4 NaN NaN 44.7143 NaN 25.0047 8.05253 22.2285 NaN NaN
1062.54 18939.4 NaN NaN 44.6569 NaN 25.0791 8.02733 22.2366 NaN NaN
1064.56 19141.4 NaN NaN 44.5951 NaN 25.1573 8.00323 22.2443 NaN NaN
1066.58 19343.4 NaN NaN 44.5385 NaN 25.2292 7.98155 22.2508 NaN NaN
1068.60 19545.5 NaN NaN 44.4761 NaN 25.3091 7.95516 22.2596 NaN NaN
1070.62 19747.5 NaN NaN 44.4116 NaN 25.3903 7.93027 22.2678 NaN NaN
1072.64 19949.5 NaN NaN 44.3489 NaN 25.4702 7.90449 22.2764 NaN NaN
1074.67 20151.5 NaN NaN 44.2921 NaN 25.5450 7.87723 22.2856 NaN NaN
1076.69 20353.5 NaN NaN 44.2348 NaN 25.6140 7.86202 22.2891 NaN NaN
1078.71 20555.6 NaN NaN 44.1713 NaN 25.6984 7.82907 22.3012 NaN NaN
1080.73 20757.6 NaN NaN 44.1112 NaN 25.7741 7.80626 22.3084 NaN NaN
1082.75 20959.6 NaN NaN 44.0460 NaN 25.8589 7.77578 22.3194 NaN NaN
1084.77 21161.6 NaN NaN 43.9804 NaN 25.9399 7.75303 22.3267 NaN NaN
1086.79 21363.6 NaN NaN 43.9175 NaN 26.0209 7.72522 22.3364 NaN NaN
1088.81 21565.7 NaN NaN 43.8560 NaN 26.1010 7.69661 22.3464 NaN NaN
1090.83 21767.7 NaN NaN 43.7882 NaN 26.1855 7.67137 22.3550 NaN NaN
1092.85 21969.7 NaN NaN 43.7251 NaN 26.2659 7.64497 22.3641 NaN NaN
1094.87 22171.7 NaN NaN 43.6599 NaN 26.3470 7.62115 22.3719 NaN NaN
1096.89 22373.7 NaN NaN 43.5946 NaN 26.4301 7.59363 22.3816 NaN NaN
1098.91 22575.8 NaN NaN 43.5323 NaN 26.5094 7.56800 22.3903 NaN NaN
1100.93 22777.8 NaN NaN 43.4695 NaN 26.5891 7.54225 22.3991 NaN NaN
1102.95 22979.8 NaN NaN 43.4114 NaN 26.6630 7.51888 22.4067 NaN NaN
1104.97 23181.8 NaN NaN 43.3455 NaN 26.7470 7.49076 22.4168 NaN NaN
1106.99 23383.8 NaN NaN 43.2758 NaN 26.8350 7.46211 22.4271 NaN NaN
1109.01 23585.9 NaN NaN 43.2114 NaN 26.9170 7.43501 22.4366 NaN NaN
1111.03 23787.9 NaN NaN 43.1446 NaN 27.0023 7.40599 22.4471 NaN NaN
1113.05 23989.9 NaN NaN 43.0822 NaN 27.0828 7.37795 22.4571 NaN NaN
1115.07 24191.9 NaN NaN 43.0187 NaN 27.1614 7.35557 22.4644 NaN NaN
1117.09 24393.9 NaN NaN 42.9455 NaN 27.2542 7.32406 22.4762 NaN NaN
1119.11 24596.0 NaN NaN 42.8822 NaN 27.3340 7.29888 22.4849 NaN NaN
1121.13 24798.0 NaN NaN 42.8128 NaN 27.4215 7.27042 22.4952 NaN NaN
1123.15 25000.0 NaN NaN 42.7480 NaN 27.5034 7.24414 22.5045 NaN NaN
