|6.6.6
xu_2008_basalt_1.tab
1
T(K)
500.00000000000011
500.00000000000011
-397519626
11
T(K)           P(bar)         O              Pl             Pl             Cpx            Opx            Sp             Gt             ky             qtz
773.150        25000.0                 NaN            NaN            NaN   62.6957                 NaN            NaN   22.6623        11.4041        3.23792
778.201        24798.0                 NaN            NaN            NaN   62.6509                 NaN            NaN   22.7185        11.3801        3.25051
783.251        24596.0                 NaN            NaN            NaN   62.6059                 NaN            NaN   22.7751        11.3558        3.26326
788.302        24393.9                 NaN            NaN            NaN   62.5611                 NaN            NaN   22.8314        11.3314        3.27606
793.352        24191.9                 NaN            NaN            NaN   62.5189                 NaN            NaN   22.8848        11.3078        3.28847
798.403        23989.9                 NaN            NaN            NaN   62.4818                 NaN            NaN   22.9321        11.2863        3.29985
803.453        23787.9                 NaN            NaN            NaN   62.4298                 NaN            NaN   22.9976        11.2579        3.31471
808.504        23585.9                 NaN            NaN            NaN   62.3869                 NaN            NaN   23.0521        11.2333        3.32767
813.554        23383.8                 NaN            NaN            NaN   62.3434                 NaN            NaN   23.1075        11.2081        3.34095
818.605        23181.8                 NaN            NaN            NaN   62.2990                 NaN            NaN   23.1641        11.1822        3.35461
823.655        22979.8                 NaN            NaN            NaN   62.2557                 NaN            NaN   23.2198        11.1562        3.36835
828.706        22777.8                 NaN            NaN            NaN   62.2146                 NaN            NaN   23.2726        11.1312        3.38157
833.756        22575.8                 NaN            NaN            NaN   62.1689                 NaN            NaN   23.3314        11.1035        3.39618
838.807        22373.7                 NaN            NaN            NaN   62.1273                 NaN            NaN   23.3854        11.0773        3.41008
843.857        22171.7                 NaN            NaN            NaN   62.0812                 NaN            NaN   23.4450        11.0485        3.42524
848.908        21969.7                 NaN            NaN            NaN   62.0393                 NaN            NaN   23.4998        11.0211        3.43975
853.958        21767.7                 NaN            NaN            NaN   61.9982                 NaN            NaN   23.5539        10.9935        3.45437
859.009        21565.7                 NaN            NaN            NaN   61.9555                 NaN            NaN   23.6101        10.9648        3.46959
864.059        21363.6                 NaN            NaN            NaN   61.9132                 NaN            NaN   23.6663        10.9353        3.48517
869.110        21161.6                 NaN            NaN            NaN   61.8737                 NaN            NaN   23.7193        10.9066        3.50041
874.160        20959.6                 NaN            NaN            NaN   61.8201                 NaN            NaN   23.7898        10.8709        3.51920
879.211        20757.6                 NaN            NaN            NaN   61.7802                 NaN            NaN   23.8439        10.8405        3.53533
884.261        20555.6                 NaN            NaN            NaN   61.7418                 NaN            NaN   23.8967        10.8098        3.55159
889.312        20353.5                 NaN            NaN            NaN   61.6959                 NaN            NaN   23.9592        10.7750        3.57001
894.362        20151.5                 NaN            NaN            NaN   61.6596                 NaN            NaN   24.0102        10.7435        3.58671
899.413        19949.5                 NaN            NaN            NaN   61.6063                 NaN            NaN   24.0821        10.7042        3.60746
904.463        19747.5                 NaN            NaN            NaN   61.5695                 NaN            NaN   24.1346        10.6706        3.62529
909.514        19545.5                 NaN            NaN            NaN   61.5200                 NaN            NaN   24.2033        10.6301        3.64664
914.564        19343.4                 NaN            NaN            NaN   61.4827                 NaN            NaN   24.2578        10.5935        3.66604
919.615        19141.4                 NaN            NaN            NaN   61.4434                 NaN            NaN   24.3149        10.5556        3.68611
924.665        18939.4                 NaN            NaN            NaN   61.3989                 NaN            NaN   24.3794        10.5132        3.70849
929.716        18737.4                 NaN            NaN            NaN   61.3575                 NaN            NaN   24.4405        10.4716        3.73050
934.766        18535.4                 NaN            NaN            NaN   61.3030                 NaN            NaN   24.5183        10.4223        3.75641
939.817        18333.3                 NaN            NaN            NaN   61.2716                 NaN            NaN   24.5688        10.3814        3.77811
944.867        18131.3                 NaN            NaN            NaN   61.2273                 NaN            NaN   24.6360        10.3330        3.80363
949.918        17929.3                 NaN            NaN            NaN   61.1842                 NaN            NaN   24.7027        10.2832        3.82991
954.968        17727.3                 NaN            NaN            NaN   61.1392                 NaN            NaN   24.7726        10.2304        3.85771
960.019        17525.3                 NaN            NaN            NaN   61.0971                 NaN            NaN   24.8401        10.1768        3.88596
965.069        17323.2                 NaN            NaN            NaN   61.0543                 NaN            NaN   24.9101        10.1194        3.91619
970.120        17121.2                 NaN            NaN            NaN   61.0058                 NaN            NaN   24.9876        10.0581        3.94842
975.170        16919.2                 NaN            NaN            NaN   60.9592                 NaN            NaN   25.0641        9.99510        3.98157
980.221        16717.2                 NaN            NaN            NaN   60.9180                 NaN            NaN   25.1356        9.93111        4.01524
985.271        16515.2                 NaN            NaN            NaN   60.8716                 NaN            NaN   25.2147        9.86226        4.05144
990.322        16313.1                 NaN            NaN            NaN   60.8298                 NaN            NaN   25.2906        9.79035        4.08923
995.372        16111.1                 NaN            NaN            NaN   60.7791                 NaN            NaN   25.3784        9.71237        4.13016
1000.42        15909.1                 NaN            NaN            NaN   60.7317                 NaN            NaN   25.4641        9.63161        4.17257
1005.47        15707.1                 NaN            NaN            NaN   60.6821                 NaN            NaN   25.5549        9.54489        4.21806
1010.52        15505.1                 NaN            NaN            NaN   60.6300                 NaN            NaN   25.6511        9.45220        4.26665
1015.57        15303.0                 NaN            NaN            NaN   60.5839                 NaN            NaN   25.7427        9.35671        4.31673
1020.62        15101.0                 NaN            NaN            NaN   60.5322                 NaN            NaN   25.8436        9.25337        4.37090
1025.68        14899.0                 NaN            NaN            NaN   60.4827                 NaN            NaN   25.9455        9.14313        4.42865
1030.73        14697.0                 NaN   1.37566                 NaN   59.2711                 NaN            NaN   26.2469        8.86862        4.23778
1035.78        14494.9                 NaN   4.47173                 NaN   56.5856                 NaN            NaN   26.8489        8.32702        3.76676
1040.83        14292.9                 NaN   7.52764                 NaN   53.8783                 NaN            NaN   27.5769        7.63693        3.38023
1045.88        14090.9                 NaN   10.8320                 NaN   50.9064                 NaN            NaN   28.5189        6.66863        3.07416
1050.93        13888.9                 NaN   15.0100                 NaN   47.1415                 NaN            NaN   29.8645        5.14758        2.83633
1055.98        13686.9                 NaN   21.4225                 NaN   41.4215                 NaN            NaN   32.0958        2.36255        2.69759
1061.03        13484.8                 NaN   26.7129                 NaN   37.0239                 NaN            NaN   33.6482                 NaN   2.61504
1066.08        13282.8                 NaN   27.5415                 NaN   36.9388                 NaN            NaN   33.1055                 NaN   2.41422
1071.13        13080.8                 NaN   28.2887                 NaN   36.8786                 NaN            NaN   32.5996                 NaN   2.23305
1076.18        12878.8                 NaN   28.9820                 NaN   36.8276                 NaN            NaN   32.1254                 NaN   2.06492
1081.23        12676.8                 NaN   29.6220                 NaN   36.7886                 NaN            NaN   31.6797                 NaN   1.90970
1086.28        12474.7                 NaN   30.2110                 NaN   36.7630                 NaN            NaN   31.2591                 NaN   1.76684
1091.33        12272.7                 NaN   30.7700                 NaN   36.7363                 NaN            NaN   30.8625                 NaN   1.63127
1096.38        12070.7                 NaN   31.2878                 NaN   36.7212                 NaN            NaN   30.4854                 NaN   1.50572
1101.43        11868.7                 NaN   31.7742                 NaN   36.7127                 NaN            NaN   30.1252                 NaN   1.38786
1106.48        11666.7                 NaN   32.2351                 NaN   36.7062                 NaN            NaN   29.7823                 NaN   1.27642
1111.53        11464.6                 NaN   32.6632                 NaN   36.7061                 NaN            NaN   29.4570                 NaN   1.17361
1116.58        11262.6                 NaN   33.0733                 NaN   36.7082                 NaN            NaN   29.1419                 NaN   1.07647
1121.63        11060.6                 NaN   33.4574                 NaN   36.7183                 NaN            NaN   28.8436                 NaN  0.980625
1126.69        10858.6                 NaN   36.1782                 NaN   35.1896        2.80918                 NaN   25.5331                 NaN  0.289940
1131.74        10656.6                 NaN   37.3148                 NaN   34.5151        4.24239                 NaN   23.9277                 NaN            NaN
1136.79        10454.5                 NaN   37.3102                 NaN   34.5461        4.42744                 NaN   23.7162                 NaN            NaN
1141.84        10252.5                 NaN   37.3052                 NaN   34.5805        4.62313                 NaN   23.4912                 NaN            NaN
1146.89        10050.5                 NaN   37.2998                 NaN   34.6179        4.82930                 NaN   23.2530                 NaN            NaN
1151.94        9848.48                 NaN   37.2938                 NaN   34.6587        5.04717                 NaN   23.0003                 NaN            NaN
1156.99        9646.46                 NaN   37.2873                 NaN   34.7038        5.28061                 NaN   22.7284                 NaN            NaN
1162.04        9444.44                 NaN   38.8781                 NaN   34.0947        8.28405       0.749717        17.9934                 NaN            NaN
1167.09        9242.42                 NaN   42.9679                 NaN   32.4839        15.6241        2.67475        6.24934                 NaN            NaN
1172.14        9040.40        4.92334        50.7287                 NaN   27.2115        15.4346        1.70184                 NaN            NaN            NaN
1177.19        8838.38        9.16635        55.5931                 NaN   23.3650        11.8755                 NaN            NaN            NaN            NaN
1182.24        8636.36        9.25775        55.7832                 NaN   23.2243        11.7348                 NaN            NaN            NaN            NaN
1187.29        8434.34        9.34069        55.9558                 NaN   23.0971        11.6063                 NaN            NaN            NaN            NaN
1192.34        8232.32        9.42109        56.1232                 NaN   22.9737        11.4820                 NaN            NaN            NaN            NaN
1197.39        8030.30        9.49524        56.2777                 NaN   22.8600        11.3670                 NaN            NaN            NaN            NaN
1202.44        7828.28        9.56292        56.4188                 NaN   22.7572        11.2611                 NaN            NaN            NaN            NaN
1207.49        7626.26        9.62788        56.5541                 NaN   22.6585        11.1595                 NaN            NaN            NaN            NaN
1212.54        7424.24        9.68814        56.6798                 NaN   22.5671        11.0649                 NaN            NaN            NaN            NaN
1217.59        7222.22        9.74301        56.7944                 NaN   22.4845        10.9780                 NaN            NaN            NaN            NaN
1222.64        7020.20        9.79577        56.9045                 NaN   22.4050        10.8947                 NaN            NaN            NaN            NaN
1227.70        6818.18        9.84817        57.0139                 NaN   22.3263        10.8116                 NaN            NaN            NaN            NaN
1232.75        6616.16        9.89619        57.1143                 NaN   22.2542        10.7354                 NaN            NaN            NaN            NaN
1237.80        6414.14        9.94130        57.2085                 NaN   22.1870        10.6632                 NaN            NaN            NaN            NaN
1242.85        6212.12        9.98263        57.2950                 NaN   22.1259        10.5964                 NaN            NaN            NaN            NaN
1247.90        6010.10        10.0227        57.3787                 NaN   22.0667        10.5319                 NaN            NaN            NaN            NaN
1252.95        5808.08        10.0619        57.4608                 NaN   22.0085        10.4687                 NaN            NaN            NaN            NaN
1258.00        5606.06        10.0987        57.5380                 NaN   21.9542        10.4091                 NaN            NaN            NaN            NaN
1263.05        5404.04        10.1337        57.6112                 NaN   21.9027        10.3524                 NaN            NaN            NaN            NaN
1268.10        5202.02        10.1665        57.6801                 NaN   21.8548        10.2986                 NaN            NaN            NaN            NaN
1273.15        5000.00        10.1994        57.7490                 NaN   21.8063        10.2453                 NaN            NaN            NaN            NaN
