|6.6.6
bhowany_2018_hol2a_1.tab
1
T(K)
500.00000000000011
500.00000000000011
-1905003274
13
T(K) P(bar) O Pl Pl Cpx Cpx Opx Sp Gt ky qtz Aki
773.150 25000.0 NaN NaN NaN 66.8343 NaN NaN NaN 2.57929 26.1876 4.39882 NaN
778.201 24798.0 NaN NaN NaN 67.1477 NaN NaN NaN 2.20675 26.3078 4.33777 NaN
783.251 24596.0 NaN NaN NaN 67.4632 NaN NaN NaN 1.83202 26.4282 4.27656 NaN
788.302 24393.9 NaN NaN NaN 67.7702 NaN NaN NaN 1.46787 26.5446 4.21740 NaN
793.352 24191.9 NaN NaN NaN 68.0523 NaN NaN NaN 1.13387 26.6502 4.16370 NaN
798.403 23989.9 NaN NaN NaN 68.2894 NaN NaN NaN 0.854254 26.7366 4.11974 NaN
803.453 23787.9 NaN NaN NaN 68.4408 NaN NaN NaN 0.678362 26.7863 4.09457 NaN
808.504 23585.9 NaN NaN NaN 68.5305 NaN NaN NaN 0.577470 26.8086 4.08336 NaN
813.554 23383.8 NaN NaN NaN 68.5905 NaN NaN NaN 0.513423 26.8166 4.07942 NaN
818.605 23181.8 NaN NaN NaN 68.6192 NaN NaN NaN 0.487958 26.8098 4.08304 NaN
823.655 22979.8 NaN NaN NaN 68.6355 NaN NaN NaN 0.478358 26.7958 4.09029 NaN
828.706 22777.8 NaN NaN NaN 68.6546 NaN NaN NaN 0.465728 26.7824 4.09727 NaN
833.756 22575.8 NaN NaN NaN 68.6624 NaN NaN NaN 0.467761 26.7622 4.10764 NaN
838.807 22373.7 NaN NaN NaN 68.6692 NaN NaN NaN 0.471638 26.7402 4.11891 NaN
843.857 22171.7 NaN NaN NaN 68.6728 NaN NaN NaN 0.480226 26.7153 4.13167 NaN
848.908 21969.7 NaN NaN NaN 68.6736 NaN NaN NaN 0.492938 26.6877 4.14578 NaN
853.958 21767.7 NaN NaN NaN 68.6746 NaN NaN NaN 0.506169 26.6586 4.16063 NaN
859.009 21565.7 NaN NaN NaN 68.6718 NaN NaN NaN 0.525145 26.6255 4.17748 NaN
864.059 21363.6 NaN NaN NaN 68.6698 NaN NaN NaN 0.543422 26.5924 4.19436 NaN
869.110 21161.6 NaN NaN NaN 68.6659 NaN NaN NaN 0.565281 26.5558 4.21299 NaN
874.160 20959.6 NaN NaN NaN 68.6618 NaN NaN NaN 0.588162 26.5177 4.23234 NaN
879.211 20757.6 NaN NaN NaN 68.6570 NaN NaN NaN 0.612957 26.4770 4.25304 NaN
884.261 20555.6 NaN NaN NaN 68.6507 NaN NaN NaN 0.640743 26.4334 4.27516 NaN
889.312 20353.5 NaN NaN NaN 68.6444 NaN NaN NaN 0.669632 26.3876 4.29837 NaN
894.362 20151.5 NaN NaN NaN 68.6375 NaN NaN NaN 0.700155 26.3396 4.32271 NaN
899.413 19949.5 NaN NaN NaN 68.6298 NaN NaN NaN 0.732503 26.2897 4.34800 NaN
904.463 19747.5 NaN NaN NaN 68.6219 NaN NaN NaN 0.766505 26.2368 4.37483 NaN
909.514 19545.5 NaN NaN NaN 68.6123 NaN NaN NaN 0.804180 26.1799 4.40360 NaN
914.564 19343.4 NaN NaN NaN 68.6036 NaN NaN NaN 0.842246 26.1204 4.43371 NaN
919.615 19141.4 NaN NaN NaN 68.5925 NaN NaN NaN 0.883961 26.0585 4.46507 NaN
924.665 18939.4 NaN NaN NaN 68.5809 NaN NaN NaN 0.928584 25.9917 4.49883 NaN
929.716 18737.4 NaN NaN NaN 68.5716 NaN NaN NaN 0.971141 25.9245 4.53282 NaN
934.766 18535.4 NaN NaN NaN 68.5600 NaN NaN NaN 1.01835 25.8524 4.56928 NaN
939.817 18333.3 NaN NaN NaN 68.5462 NaN NaN NaN 1.06994 25.7759 4.60792 NaN
944.867 18131.3 NaN NaN NaN 68.5337 NaN NaN NaN 1.12200 25.6960 4.64830 NaN
949.918 17929.3 NaN NaN NaN 68.5193 NaN NaN NaN 1.17801 25.6118 4.69086 NaN
954.968 17727.3 NaN NaN NaN 68.5042 NaN NaN NaN 1.23697 25.5233 4.73561 NaN
960.019 17525.3 NaN NaN NaN 68.4897 NaN NaN NaN 1.29586 25.4333 4.78112 NaN
965.069 17323.2 NaN NaN NaN 68.4740 NaN NaN NaN 1.36174 25.3320 4.83224 NaN
970.120 17121.2 NaN NaN NaN 68.4567 NaN NaN NaN 1.42974 25.2295 4.88407 NaN
975.170 16919.2 NaN NaN NaN 68.4404 NaN NaN NaN 1.49824 25.1238 4.93750 NaN
980.221 16717.2 NaN NaN NaN 68.4219 NaN NaN NaN 1.57114 25.0137 4.99320 NaN
985.271 16515.2 NaN NaN NaN 68.3996 NaN NaN NaN 1.65258 24.8940 5.05376 NaN
990.322 16313.1 NaN NaN NaN 68.3848 NaN NaN NaN 1.72586 24.7757 5.11365 NaN
995.372 16111.1 NaN NaN NaN 68.3632 NaN NaN NaN 1.81351 24.6421 5.18121 NaN
1000.42 15909.1 NaN 0.433630 NaN 68.0226 NaN NaN NaN 1.90805 24.4859 5.14982 NaN
1005.47 15707.1 NaN 8.56905 NaN 61.9534 NaN NaN NaN 2.22418 23.8614 3.39193 NaN
1010.52 15505.1 NaN 15.1887 NaN 56.9314 NaN NaN NaN 2.64952 23.1848 2.04557 NaN
1015.57 15303.0 NaN 20.7827 NaN 52.5941 NaN NaN NaN 3.20062 22.4167 1.00586 NaN
1020.62 15101.0 NaN 25.6587 NaN 48.7069 NaN NaN NaN 3.90773 21.5069 0.219798 NaN
1025.68 14899.0 NaN 28.6268 NaN 46.0736 NaN NaN NaN 4.86272 20.4369 NaN NaN
1030.73 14697.0 NaN 31.0324 NaN 43.7602 NaN NaN NaN 5.99279 19.2146 NaN NaN
1035.78 14494.9 NaN 34.0867 NaN 40.8433 NaN NaN NaN 7.40676 17.6632 NaN NaN
1040.83 14292.9 NaN 37.8907 NaN 37.2464 NaN NaN NaN 9.13162 15.7313 NaN NaN
1045.88 14090.9 NaN 42.5742 NaN 32.8868 NaN NaN NaN 11.1869 13.3520 NaN NaN
1050.93 13888.9 NaN 48.4270 NaN 27.4969 NaN NaN NaN 13.6978 10.3783 NaN NaN
1055.98 13686.9 NaN 55.7049 NaN 20.9045 NaN NaN NaN 16.6387 6.67838 NaN 0.734963E-001
1061.03 13484.8 NaN 66.8213 NaN 11.3314 NaN NaN NaN 20.2982 1.01607 NaN 0.532967
1066.08 13282.8 NaN 68.8155 NaN 9.69682 NaN NaN NaN 20.9074 NaN NaN 0.580255
1071.13 13080.8 NaN 68.8136 NaN 9.81027 NaN NaN NaN 20.8041 NaN NaN 0.572031
1076.18 12878.8 NaN 70.2174 NaN 9.09143 NaN NaN 0.677405 20.0138 NaN NaN NaN
1081.23 12676.8 NaN 70.4557 NaN 9.24428 NaN NaN 0.796980 19.5031 NaN NaN NaN
1086.28 12474.7 NaN 70.6672 NaN 9.39493 NaN NaN 0.903356 19.0345 NaN NaN NaN
1091.33 12272.7 NaN 70.8680 NaN 9.53712 NaN NaN 1.00422 18.5906 NaN NaN NaN
1096.38 12070.7 NaN 71.0498 NaN 9.67419 NaN NaN 1.09565 18.1804 NaN NaN NaN
1101.43 11868.7 NaN 71.2170 NaN 9.80560 NaN NaN 1.17977 17.7976 NaN NaN NaN
1106.48 11666.7 NaN 71.3742 NaN 9.93003 NaN NaN 1.25883 17.4369 NaN NaN NaN
1111.53 11464.6 NaN 71.5169 NaN 10.0472 NaN NaN 1.33058 17.1054 NaN NaN NaN
1116.58 11262.6 NaN 71.6546 NaN 10.1580 NaN NaN 1.39975 16.7876 NaN NaN NaN
1121.63 11060.6 NaN 71.7822 NaN 10.2642 NaN NaN 1.46383 16.4898 NaN NaN NaN
1126.69 10858.6 NaN 71.9023 NaN 10.3662 NaN NaN 1.52416 16.2074 NaN NaN NaN
1131.74 10656.6 NaN 72.0154 NaN 10.4621 NaN NaN 1.58094 15.9415 NaN NaN NaN
1136.79 10454.5 NaN 72.1228 NaN 10.5545 NaN NaN 1.63479 15.6879 NaN NaN NaN
1141.84 10252.5 NaN 72.2263 NaN 10.6432 NaN NaN 1.68666 15.4439 NaN NaN NaN
1146.89 10050.5 NaN 72.3238 NaN 10.7284 NaN NaN 1.73554 15.2122 NaN NaN NaN
1151.94 9848.48 NaN 73.5199 NaN 10.3677 NaN 2.52113 2.38256 11.2087 NaN NaN NaN
1156.99 9646.46 NaN 75.4775 NaN 9.69910 NaN 6.79205 3.44688 4.58446 NaN NaN NaN
1162.04 9444.44 NaN 76.8332 NaN 9.24050 NaN 9.73997 4.18638 NaN NaN NaN NaN
1167.09 9242.42 NaN 76.8484 NaN 9.22982 NaN 9.72939 4.19242 NaN NaN NaN NaN
1172.14 9040.40 7.69746 85.0395 NaN 2.64473 NaN 3.57843 1.03991 NaN NaN NaN NaN
1177.19 8838.38 10.2338 87.7419 NaN 0.466432 NaN 1.55784 NaN NaN NaN NaN NaN
1182.24 8636.36 10.2377 87.7506 NaN 0.458995 NaN 1.55279 NaN NaN NaN NaN NaN
1187.29 8434.34 10.2411 87.7585 NaN 0.452141 NaN 1.54830 NaN NaN NaN NaN NaN
1192.34 8232.32 10.2444 87.7662 NaN 0.445398 NaN 1.54399 NaN NaN NaN NaN NaN
1197.39 8030.30 10.2475 87.7733 NaN 0.439072 NaN 1.54011 NaN NaN NaN NaN NaN
1202.44 7828.28 10.2503 87.7799 NaN 0.433168 NaN 1.53665 NaN NaN NaN NaN NaN
1207.49 7626.26 10.2530 87.7863 NaN 0.427413 NaN 1.53338 NaN NaN NaN NaN NaN
1212.54 7424.24 10.2554 87.7922 NaN 0.421985 NaN 1.53045 NaN NaN NaN NaN NaN
1217.59 7222.22 10.2576 87.7976 NaN 0.416910 NaN 1.52788 NaN NaN NaN NaN NaN
1222.64 7020.20 10.2597 87.8028 NaN 0.411951 NaN 1.52549 NaN NaN NaN NaN NaN
1227.70 6818.18 10.2618 87.8081 NaN 0.406951 NaN 1.52313 NaN NaN NaN NaN NaN
1232.75 6616.16 10.2637 87.8129 NaN 0.402260 NaN 1.52110 NaN NaN NaN NaN NaN
1237.80 6414.14 10.2655 87.8175 NaN 0.397729 NaN 1.51928 NaN NaN NaN NaN NaN
1242.85 6212.12 10.2671 87.8217 NaN 0.393484 NaN 1.51773 NaN NaN NaN NaN NaN
1247.90 6010.10 10.2686 87.8258 NaN 0.389260 NaN 1.51631 NaN NaN NaN NaN NaN
1252.95 5808.08 10.2701 87.8298 NaN 0.385075 NaN 1.51497 NaN NaN NaN NaN NaN
1258.00 5606.06 10.2715 87.8337 NaN 0.381012 NaN 1.51382 NaN NaN NaN NaN NaN
1263.05 5404.04 10.2728 87.8373 NaN 0.377052 NaN 1.51283 NaN NaN NaN NaN NaN
1268.10 5202.02 10.2740 87.8407 NaN 0.373227 NaN 1.51201 NaN NaN NaN NaN NaN
1273.15 5000.00 10.2752 87.8442 NaN 0.369329 NaN 1.51124 NaN NaN NaN NaN NaN
