|6.6.6
xu_2008_pyrolite_1.tab
1
T(K)
200.00000000000011
200.00000000000011
1535263990
9
T(K)           P(bar)         O              Pl             Cpx            Opx            Sp             Gt             ky
923.150        5000.00        63.5017        13.8672        3.93721        18.6939                 NaN            NaN            NaN
925.170        5202.02        63.4895        13.8241        3.96614        18.7203                 NaN            NaN            NaN
927.190        5404.04        63.4771        13.7806        3.99534        18.7470                 NaN            NaN            NaN
929.211        5606.06        63.4636        13.7335        4.02709        18.7759                 NaN            NaN            NaN
931.231        5808.08        63.4494        13.6847        4.06005        18.8058                 NaN            NaN            NaN
933.251        6010.10        63.4341        13.6326        4.09535        18.8379                 NaN            NaN            NaN
935.271        6212.12        63.4177        13.5768        4.13318        18.8723                 NaN            NaN            NaN
937.291        6414.14        63.4005        13.5193        4.17229        18.9079                 NaN            NaN            NaN
939.312        6616.16        63.3819        13.4571        4.21464        18.9463                 NaN            NaN            NaN
941.332        6818.18        59.1796        7.73641        8.19738        22.7986        2.08799                 NaN            NaN
943.352        7020.20        53.5229                 NaN   13.5863        28.0032        4.88761                 NaN            NaN
945.372        7222.22        53.5292                 NaN   13.5878        28.0002        4.88276                 NaN            NaN
947.392        7424.24        53.5355                 NaN   13.5892        27.9974        4.87788                 NaN            NaN
949.413        7626.26        53.5422                 NaN   13.5905        27.9946        4.87274                 NaN            NaN
951.433        7828.28        53.5486                 NaN   13.5920        27.9916        4.86781                 NaN            NaN
953.453        8030.30        53.5550                 NaN   13.5934        27.9887        4.86286                 NaN            NaN
955.473        8232.32        53.5616                 NaN   13.5949        27.9857        4.85776                 NaN            NaN
957.493        8434.34        53.5680                 NaN   13.5963        27.9829        4.85280                 NaN            NaN
959.514        8636.36        53.5746                 NaN   13.5979        27.9798        4.84770                 NaN            NaN
961.534        8838.38        53.5811                 NaN   13.5993        27.9770        4.84261                 NaN            NaN
963.554        9040.40        53.5878                 NaN   13.6008        27.9740        4.83738                 NaN            NaN
965.574        9242.42        53.5944                 NaN   13.6022        27.9711        4.83228                 NaN            NaN
967.594        9444.44        53.6012                 NaN   13.6039        27.9679        4.82700                 NaN            NaN
969.615        9646.46        53.6077                 NaN   13.6053        27.9651        4.82191                 NaN            NaN
971.635        9848.48        53.6144                 NaN   13.6069        27.9620        4.81668                 NaN            NaN
973.655        10050.5        53.6211                 NaN   13.6083        27.9591        4.81141                 NaN            NaN
975.675        10252.5        53.6280                 NaN   13.6099        27.9561        4.80604                 NaN            NaN
977.695        10454.5        53.6349                 NaN   13.6115        27.9530        4.80064                 NaN            NaN
979.716        10656.6        53.6416                 NaN   13.6130        27.9500        4.79535                 NaN            NaN
981.736        10858.6        53.6483                 NaN   13.6146        27.9469        4.79008                 NaN            NaN
983.756        11060.6        53.6552                 NaN   13.6163        27.9438        4.78473                 NaN            NaN
985.776        11262.6        53.6620                 NaN   13.6179        27.9408        4.77933                 NaN            NaN
987.796        11464.6        53.6690                 NaN   13.6195        27.9377        4.77383                 NaN            NaN
989.817        11666.7        53.6760                 NaN   13.6213        27.9344        4.76832                 NaN            NaN
991.837        11868.7        53.6829                 NaN   13.6228        27.9314        4.76280                 NaN            NaN
993.857        12070.7        53.6899                 NaN   13.6245        27.9283        4.75732                 NaN            NaN
995.877        12272.7        54.9646                 NaN   13.0245        25.0831        3.71737        3.21038                 NaN
997.897        12474.7        59.5202                 NaN   10.9149        14.8301                 NaN   14.7348                 NaN
999.918        12676.8        59.5211                 NaN   10.9155        14.8135                 NaN   14.7499                 NaN
1001.94        12878.8        59.5219                 NaN   10.9176        14.7970                 NaN   14.7635                 NaN
1003.96        13080.8        59.5228                 NaN   10.9207        14.7788                 NaN   14.7778                 NaN
1005.98        13282.8        59.5236                 NaN   10.9224        14.7621                 NaN   14.7919                 NaN
1008.00        13484.8        59.5245                 NaN   10.9236        14.7455                 NaN   14.8064                 NaN
1010.02        13686.9        59.5253                 NaN   10.9262        14.7287                 NaN   14.8199                 NaN
1012.04        13888.9        59.5261                 NaN   10.9283        14.7126                 NaN   14.8330                 NaN
1014.06        14090.9        59.5269                 NaN   10.9304        14.6968                 NaN   14.8458                 NaN
1016.08        14292.9        59.5276                 NaN   10.9331        14.6818                 NaN   14.8574                 NaN
1018.10        14494.9        59.5285                 NaN   10.9348        14.6657                 NaN   14.8711                 NaN
1020.12        14697.0        59.5292                 NaN   10.9374        14.6503                 NaN   14.8831                 NaN
1022.14        14899.0        59.5300                 NaN   10.9391        14.6355                 NaN   14.8954                 NaN
1024.16        15101.0        59.5307                 NaN   10.9421        14.6200                 NaN   14.9072                 NaN
1026.18        15303.0        59.5314                 NaN   10.9437        14.6063                 NaN   14.9186                 NaN
1028.20        15505.1        59.5321                 NaN   10.9456        14.5927                 NaN   14.9296                 NaN
1030.22        15707.1        59.5328                 NaN   10.9476        14.5780                 NaN   14.9416                 NaN
1032.24        15909.1        59.5335                 NaN   10.9516        14.5624                 NaN   14.9525                 NaN
1034.26        16111.1        59.5342                 NaN   10.9537        14.5492                 NaN   14.9630                 NaN
1036.28        16313.1        59.5348                 NaN   10.9559        14.5365                 NaN   14.9728                 NaN
1038.30        16515.2        59.5355                 NaN   10.9569        14.5236                 NaN   14.9840                 NaN
1040.32        16717.2        59.5361                 NaN   10.9584        14.5108                 NaN   14.9946                 NaN
1042.34        16919.2        59.5368                 NaN   10.9642        14.4943                 NaN   15.0047                 NaN
1044.36        17121.2        59.5374                 NaN   10.9652        14.4832                 NaN   15.0143                 NaN
1046.38        17323.2        59.5380                 NaN   10.9672        14.4712                 NaN   15.0236                 NaN
1048.40        17525.3        59.5387                 NaN   10.9704        14.4567                 NaN   15.0342                 NaN
1050.42        17727.3        59.5393                 NaN   10.9718        14.4453                 NaN   15.0437                 NaN
1052.44        17929.3        59.5398                 NaN   10.9762        14.4316                 NaN   15.0523                 NaN
1054.46        18131.3        59.5404                 NaN   10.9774        14.4201                 NaN   15.0621                 NaN
1056.48        18333.3        59.5410                 NaN   10.9799        14.4078                 NaN   15.0713                 NaN
1058.50        18535.4        59.5416                 NaN   10.9834        14.3951                 NaN   15.0799                 NaN
1060.52        18737.4        59.5422                 NaN   10.9860        14.3832                 NaN   15.0887                 NaN
1062.54        18939.4        59.5426                 NaN   10.9884        14.3722                 NaN   15.0967                 NaN
1064.56        19141.4        59.5432                 NaN   10.9898        14.3610                 NaN   15.1059                 NaN
1066.58        19343.4        59.5437                 NaN   10.9921        14.3500                 NaN   15.1142                 NaN
1068.60        19545.5        59.5443                 NaN   10.9947        14.3384                 NaN   15.1226                 NaN
1070.62        19747.5        59.5448                 NaN   10.9978        14.3268                 NaN   15.1306                 NaN
1072.64        19949.5        59.5453                 NaN   11.0018        14.3144                 NaN   15.1385                 NaN
1074.67        20151.5        59.5458                 NaN   11.0032        14.3047                 NaN   15.1462                 NaN
1076.69        20353.5        59.5463                 NaN   11.0057        14.2940                 NaN   15.1540                 NaN
1078.71        20555.6        59.5468                 NaN   11.0087        14.2828                 NaN   15.1617                 NaN
1080.73        20757.6        59.5473                 NaN   11.0116        14.2719                 NaN   15.1692                 NaN
1082.75        20959.6        59.5478                 NaN   11.0144        14.2612                 NaN   15.1766                 NaN
1084.77        21161.6        59.5483                 NaN   11.0172        14.2508                 NaN   15.1837                 NaN
1086.79        21363.6        59.5487                 NaN   11.0215        14.2391                 NaN   15.1906                 NaN
1088.81        21565.7        59.5491                 NaN   11.0224        14.2311                 NaN   15.1974                 NaN
1090.83        21767.7        59.5496                 NaN   11.0251        14.2204                 NaN   15.2049                 NaN
1092.85        21969.7        59.5501                 NaN   11.0281        14.2101                 NaN   15.2117                 NaN
1094.87        22171.7        59.5505                 NaN   11.0313        14.2001                 NaN   15.2181                 NaN
1096.89        22373.7        59.5510                 NaN   11.0359        14.1882                 NaN   15.2250                 NaN
1098.91        22575.8        59.5514                 NaN   11.0366        14.1803                 NaN   15.2317                 NaN
1100.93        22777.8        59.5518                 NaN   11.0384        14.1716                 NaN   15.2383                 NaN
1102.95        22979.8        59.5522                 NaN   11.0421        14.1618                 NaN   15.2438                 NaN
1104.97        23181.8        59.5526                 NaN   11.0446        14.1519                 NaN   15.2509                 NaN
1106.99        23383.8        59.5531                 NaN   11.0484        14.1416                 NaN   15.2569                 NaN
1109.01        23585.9        59.5534                 NaN   11.0473        14.1361                 NaN   15.2632                 NaN
1111.03        23787.9        59.5538                 NaN   11.0529        14.1242                 NaN   15.2690                 NaN
1113.05        23989.9        59.5542                 NaN   11.0569        14.1144                 NaN   15.2745                 NaN
1115.07        24191.9        59.5546                 NaN   11.0592        14.1053                 NaN   15.2808                 NaN
1117.09        24393.9        59.5550                 NaN   11.0625        14.0958                 NaN   15.2867                 NaN
1119.11        24596.0        59.5554                 NaN   11.0662        14.0865                 NaN   15.2919                 NaN
1121.13        24798.0        59.5557                 NaN   11.0683        14.0781                 NaN   15.2979                 NaN
1123.15        25000.0        59.5561                 NaN   11.0718        14.0686                 NaN   15.3035                 NaN
