|6.6.6
xu_2008_pyrolite_1.tab
1
T(K)
200.00000000000011
200.00000000000011
-1872681738
9
T(K)           P(bar)         O              Pl             Cpx            Opx            ky             Gt             Sp
923.150        5000.00        63.5017        13.8672        3.93722        18.6939                 NaN            NaN            NaN
925.170        5202.02        63.4897        13.8247        3.96549        18.7201                 NaN            NaN            NaN
927.190        5404.04        63.4772        13.7807        3.99518        18.7470                 NaN            NaN            NaN
929.211        5606.06        63.4636        13.7335        4.02695        18.7759                 NaN            NaN            NaN
931.231        5808.08        63.4492        13.6841        4.06034        18.8063                 NaN            NaN            NaN
933.251        6010.10        63.4337        13.6312        4.09624        18.8389                 NaN            NaN            NaN
935.271        6212.12        63.4176        13.5767        4.13328        18.8724                 NaN            NaN            NaN
937.291        6414.14        63.4006        13.5194        4.17227        18.9077                 NaN            NaN            NaN
939.312        6616.16        63.3819        13.4570        4.21458        18.9465                 NaN            NaN            NaN
941.332        6818.18        59.1138        7.65332        8.25576        22.8547                 NaN            NaN   2.12240
943.352        7020.20        53.5235                 NaN   13.5865        28.0029                 NaN            NaN   4.88709
945.372        7222.22        53.5294                 NaN   13.5878        28.0002                 NaN            NaN   4.88265
947.392        7424.24        53.5360                 NaN   13.5892        27.9974                 NaN            NaN   4.87749
949.413        7626.26        53.5424                 NaN   13.5906        27.9945                 NaN            NaN   4.87251
951.433        7828.28        53.5485                 NaN   13.5922        27.9914                 NaN            NaN   4.86788
953.453        8030.30        53.5550                 NaN   13.5934        27.9888                 NaN            NaN   4.86281
955.473        8232.32        53.5616                 NaN   13.5949        27.9858                 NaN            NaN   4.85773
957.493        8434.34        53.5685                 NaN   13.5963        27.9828                 NaN            NaN   4.85240
959.514        8636.36        53.5750                 NaN   13.5978        27.9799                 NaN            NaN   4.84728
961.534        8838.38        53.5812                 NaN   13.5993        27.9770                 NaN            NaN   4.84253
963.554        9040.40        53.5877                 NaN   13.6008        27.9740                 NaN            NaN   4.83746
965.574        9242.42        53.5945                 NaN   13.6023        27.9710                 NaN            NaN   4.83218
967.594        9444.44        53.6015                 NaN   13.6037        27.9681                 NaN            NaN   4.82669
969.615        9646.46        53.6079                 NaN   13.6053        27.9650                 NaN            NaN   4.82174
971.635        9848.48        53.6146                 NaN   13.6069        27.9621                 NaN            NaN   4.81650
973.655        10050.5        53.6213                 NaN   13.6085        27.9589                 NaN            NaN   4.81135
975.675        10252.5        53.6287                 NaN   13.6098        27.9561                 NaN            NaN   4.80540
977.695        10454.5        53.6348                 NaN   13.6115        27.9530                 NaN            NaN   4.80073
979.716        10656.6        53.6420                 NaN   13.6131        27.9499                 NaN            NaN   4.79503
981.736        10858.6        53.6491                 NaN   13.6147        27.9468                 NaN            NaN   4.78938
983.756        11060.6        53.6556                 NaN   13.6163        27.9438                 NaN            NaN   4.78432
985.776        11262.6        53.6620                 NaN   13.6179        27.9408                 NaN            NaN   4.77931
987.796        11464.6        53.6689                 NaN   13.6195        27.9377                 NaN            NaN   4.77388
989.817        11666.7        53.6759                 NaN   13.6211        27.9346                 NaN            NaN   4.76837
991.837        11868.7        53.6833                 NaN   13.6222        27.9321                 NaN            NaN   4.76244
993.857        12070.7        53.6901                 NaN   13.6246        27.9282                 NaN            NaN   4.75713
995.877        12272.7        54.8975                 NaN   13.0569        25.2255                 NaN   3.04753        3.77250
997.897        12474.7        59.5201                 NaN   10.9150        14.8307                 NaN   14.7341                 NaN
999.918        12676.8        59.5210                 NaN   10.9176        14.8124                 NaN   14.7490                 NaN
1001.94        12878.8        59.5219                 NaN   10.9193        14.7943                 NaN   14.7644                 NaN
1003.96        13080.8        59.5228                 NaN   10.9206        14.7782                 NaN   14.7784                 NaN
1005.98        13282.8        59.5236                 NaN   10.9232        14.7624                 NaN   14.7909                 NaN
1008.00        13484.8        59.5244                 NaN   10.9240        14.7469                 NaN   14.8047                 NaN
1010.02        13686.9        59.5251                 NaN   10.9268        14.7319                 NaN   14.8162                 NaN
1012.04        13888.9        59.5261                 NaN   10.9291        14.7123                 NaN   14.8325                 NaN
1014.06        14090.9        59.5269                 NaN   10.9309        14.6963                 NaN   14.8458                 NaN
1016.08        14292.9        59.5277                 NaN   10.9324        14.6814                 NaN   14.8586                 NaN
1018.10        14494.9        59.5285                 NaN   10.9354        14.6650                 NaN   14.8711                 NaN
1020.12        14697.0        59.5292                 NaN   10.9374        14.6501                 NaN   14.8833                 NaN
1022.14        14899.0        59.5300                 NaN   10.9383        14.6363                 NaN   14.8954                 NaN
1024.16        15101.0        59.5307                 NaN   10.9412        14.6211                 NaN   14.9070                 NaN
1026.18        15303.0        59.5313                 NaN   10.9449        14.6072                 NaN   14.9165                 NaN
1028.20        15505.1        59.5321                 NaN   10.9463        14.5916                 NaN   14.9300                 NaN
1030.22        15707.1        59.5328                 NaN   10.9488        14.5774                 NaN   14.9411                 NaN
1032.24        15909.1        59.5334                 NaN   10.9516        14.5647                 NaN   14.9503                 NaN
1034.26        16111.1        59.5342                 NaN   10.9531        14.5494                 NaN   14.9633                 NaN
1036.28        16313.1        59.5347                 NaN   10.9562        14.5377                 NaN   14.9713                 NaN
1038.30        16515.2        59.5355                 NaN   10.9577        14.5226                 NaN   14.9842                 NaN
1040.32        16717.2        59.5361                 NaN   10.9587        14.5102                 NaN   14.9950                 NaN
1042.34        16919.2        59.5368                 NaN   10.9621        14.4963                 NaN   15.0048                 NaN
1044.36        17121.2        59.5374                 NaN   10.9651        14.4826                 NaN   15.0149                 NaN
1046.38        17323.2        59.5380                 NaN   10.9675        14.4698                 NaN   15.0247                 NaN
1048.40        17525.3        59.5386                 NaN   10.9699        14.4571                 NaN   15.0343                 NaN
1050.42        17727.3        59.5392                 NaN   10.9714        14.4455                 NaN   15.0439                 NaN
1052.44        17929.3        59.5398                 NaN   10.9751        14.4320                 NaN   15.0531                 NaN
1054.46        18131.3        59.5404                 NaN   10.9781        14.4200                 NaN   15.0615                 NaN
1056.48        18333.3        59.5409                 NaN   10.9809        14.4090                 NaN   15.0692                 NaN
1058.50        18535.4        59.5416                 NaN   10.9831        14.3953                 NaN   15.0801                 NaN
1060.52        18737.4        59.5421                 NaN   10.9847        14.3849                 NaN   15.0883                 NaN
1062.54        18939.4        59.5426                 NaN   10.9885        14.3729                 NaN   15.0960                 NaN
1064.56        19141.4        59.5432                 NaN   10.9897        14.3621                 NaN   15.1050                 NaN
1066.58        19343.4        59.5438                 NaN   10.9928        14.3492                 NaN   15.1143                 NaN
1068.60        19545.5        59.5443                 NaN   10.9951        14.3383                 NaN   15.1223                 NaN
1070.62        19747.5        59.5448                 NaN   10.9982        14.3264                 NaN   15.1306                 NaN
1072.64        19949.5        59.5453                 NaN   11.0002        14.3159                 NaN   15.1386                 NaN
1074.67        20151.5        59.5458                 NaN   11.0051        14.3045                 NaN   15.1447                 NaN
1076.69        20353.5        59.5464                 NaN   11.0055        14.2929                 NaN   15.1552                 NaN
1078.71        20555.6        59.5468                 NaN   11.0095        14.2829                 NaN   15.1608                 NaN
1080.73        20757.6        59.5473                 NaN   11.0111        14.2727                 NaN   15.1690                 NaN
1082.75        20959.6        59.5477                 NaN   11.0159        14.2614                 NaN   15.1750                 NaN
1084.77        21161.6        59.5483                 NaN   11.0170        14.2510                 NaN   15.1837                 NaN
1086.79        21363.6        59.5487                 NaN   11.0208        14.2403                 NaN   15.1901                 NaN
1088.81        21565.7        59.5491                 NaN   11.0232        14.2313                 NaN   15.1964                 NaN
1090.83        21767.7        59.5496                 NaN   11.0232        14.2232                 NaN   15.2040                 NaN
1092.85        21969.7        59.5500                 NaN   11.0283        14.2112                 NaN   15.2105                 NaN
1094.87        22171.7        59.5505                 NaN   11.0343        14.1970                 NaN   15.2182                 NaN
1096.89        22373.7        59.5510                 NaN   11.0338        14.1901                 NaN   15.2251                 NaN
1098.91        22575.8        59.5514                 NaN   11.0359        14.1810                 NaN   15.2317                 NaN
1100.93        22777.8        59.5518                 NaN   11.0388        14.1711                 NaN   15.2383                 NaN
1102.95        22979.8        59.5522                 NaN   11.0412        14.1620                 NaN   15.2446                 NaN
1104.97        23181.8        59.5526                 NaN   11.0442        14.1524                 NaN   15.2507                 NaN
1106.99        23383.8        59.5531                 NaN   11.0483        14.1417                 NaN   15.2569                 NaN
1109.01        23585.9        59.5535                 NaN   11.0503        14.1331                 NaN   15.2631                 NaN
1111.03        23787.9        59.5538                 NaN   11.0544        14.1233                 NaN   15.2685                 NaN
1113.05        23989.9        59.5542                 NaN   11.0574        14.1148                 NaN   15.2735                 NaN
1115.07        24191.9        59.5546                 NaN   11.0596        14.1049                 NaN   15.2808                 NaN
1117.09        24393.9        59.5550                 NaN   11.0628        14.0962                 NaN   15.2861                 NaN
1119.11        24596.0        59.5554                 NaN   11.0654        14.0869                 NaN   15.2924                 NaN
1121.13        24798.0        59.5558                 NaN   11.0683        14.0780                 NaN   15.2979                 NaN
1123.15        25000.0        59.5561                 NaN   11.0721        14.0684                 NaN   15.3034                 NaN
