|6.6.6
sammon_2021_lower_crust_1.tab
1
T(K)
200.00000000000011
200.00000000000011
-957442826
11
T(K)           P(bar)         Pl             Pl             Cpx            Cpx            Opx            Gt             ky             qtz            coes
923.150        5000.00        62.6492                 NaN   11.8185                 NaN   22.6678                 NaN            NaN   2.86457                 NaN
925.170        5202.02        62.6066                 NaN   11.8499                 NaN   22.6695                 NaN            NaN   2.87392                 NaN
927.190        5404.04        62.5630                 NaN   11.8824                 NaN   22.6710                 NaN            NaN   2.88358                 NaN
929.211        5606.06        62.5175                 NaN   11.9163                 NaN   22.6725                 NaN            NaN   2.89376                 NaN
931.231        5808.08        62.4705                 NaN   11.9513                 NaN   22.6739                 NaN            NaN   2.90435                 NaN
933.251        6010.10        62.4212                 NaN   11.9879                 NaN   22.6753                 NaN            NaN   2.91551                 NaN
935.271        6212.12        62.3713                 NaN   12.0252                 NaN   22.6767                 NaN            NaN   2.92688                 NaN
937.291        6414.14        62.3195                 NaN   12.0637                 NaN   22.6780                 NaN            NaN   2.93874                 NaN
939.312        6616.16        62.2650                 NaN   12.1043                 NaN   22.6794                 NaN            NaN   2.95131                 NaN
941.332        6818.18        62.2080                 NaN   12.1467                 NaN   22.6808                 NaN            NaN   2.96454                 NaN
943.352        7020.20        62.1477                 NaN   12.1914                 NaN   22.6822                 NaN            NaN   2.97865                 NaN
945.372        7222.22        62.0875                 NaN   12.2365                 NaN   22.6833                 NaN            NaN   2.99272                 NaN
947.392        7424.24        62.0246                 NaN   12.2833                 NaN   22.6846                 NaN            NaN   3.00750                 NaN
949.413        7626.26        61.9577                 NaN   12.3330                 NaN   22.6860                 NaN            NaN   3.02333                 NaN
951.433        7828.28        61.8901                 NaN   12.3835                 NaN   22.6870                 NaN            NaN   3.03933                 NaN
953.453        8030.30        61.8187                 NaN   12.4367                 NaN   22.6882                 NaN            NaN   3.05631                 NaN
955.473        8232.32        61.7426                 NaN   12.4935                 NaN   22.6893                 NaN            NaN   3.07453                 NaN
957.493        8434.34        61.6659                 NaN   12.5506                 NaN   22.6906                 NaN            NaN   3.09289                 NaN
959.514        8636.36        59.3699                 NaN   13.9170                 NaN   20.0749        2.91304                 NaN   3.72516                 NaN
961.534        8838.38        55.0934                 NaN   16.4591                 NaN   15.1474        8.39685                 NaN   4.90320                 NaN
963.554        9040.40        50.3987                 NaN   19.2250                 NaN   9.70833        14.4708                 NaN   6.19716                 NaN
965.574        9242.42        46.3981                 NaN   21.6178                 NaN   5.15657        19.5325                 NaN   7.29492                 NaN
967.594        9444.44        42.0878                 NaN   24.1794                 NaN  0.224090        25.0305                 NaN   8.47823                 NaN
969.615        9646.46        41.6723                 NaN   24.2924                 NaN            NaN   25.4481                 NaN   8.58718                 NaN
971.635        9848.48        41.4280                 NaN   24.2844                 NaN            NaN   25.6388                 NaN   8.64890                 NaN
973.655        10050.5        41.1888                 NaN   24.2782                 NaN            NaN   25.8238                 NaN   8.70920                 NaN
975.675        10252.5        40.9365                 NaN   24.2726                 NaN            NaN   26.0180                 NaN   8.77297                 NaN
977.695        10454.5        40.6757                 NaN   24.2659                 NaN            NaN   26.2194                 NaN   8.83900                 NaN
979.716        10656.6        40.3822                 NaN   24.2585                 NaN            NaN   26.4456                 NaN   8.91371                 NaN
981.736        10858.6        40.1079                 NaN   24.2533                 NaN            NaN   26.6556                 NaN   8.98328                 NaN
983.756        11060.6        39.8069                 NaN   24.2467                 NaN            NaN   26.8865                 NaN   9.05992                 NaN
985.776        11262.6        39.4990                 NaN   24.2425                 NaN            NaN   27.1201                 NaN   9.13833                 NaN
987.796        11464.6        39.1750                 NaN   24.2377                 NaN            NaN   27.3663                 NaN   9.22104                 NaN
989.817        11666.7        38.8320                 NaN   24.2345                 NaN            NaN   27.6249                 NaN   9.30870                 NaN
991.837        11868.7        38.4700                 NaN   24.2350                 NaN            NaN   27.8936                 NaN   9.40132                 NaN
993.857        12070.7        38.0974                 NaN   24.2377                 NaN            NaN   28.1681                 NaN   9.49670                 NaN
995.877        12272.7        35.5013                 NaN   26.2848                 NaN            NaN   27.4256        1.24897        9.53927                 NaN
997.897        12474.7        32.3455                 NaN   28.8458                 NaN            NaN   26.4306        2.80670        9.57145                 NaN
999.918        12676.8        30.9614                 NaN   29.9498                 NaN            NaN   26.1249        3.27041        9.69348                 NaN
1001.94        12878.8        27.0423                 NaN   33.1777                 NaN            NaN   24.8281        5.23110        9.72079                 NaN
1003.96        13080.8        25.1261                 NaN   34.7355                 NaN            NaN   24.3198        5.98237        9.83620                 NaN
1005.98        13282.8        23.7543                 NaN   35.8326                 NaN            NaN   24.0518        6.36659        9.99473                 NaN
1008.00        13484.8        21.9302                 NaN   37.3144                 NaN            NaN   23.6146        6.99104        10.1497                 NaN
1010.02        13686.9        20.5375                 NaN   38.4194                 NaN            NaN   23.3945        7.29489        10.3537                 NaN
1012.04        13888.9        18.5218                 NaN   40.0908                 NaN            NaN   22.8609        8.01848        10.5080                 NaN
1014.06        14090.9        16.9462                 NaN   41.3642                 NaN            NaN   22.5786        8.38195        10.7290                 NaN
1016.08        14292.9        15.3604                 NaN   42.6370                 NaN            NaN   22.3348        8.68524        10.9826                 NaN
1018.10        14494.9        13.7035                 NaN   43.9604                 NaN            NaN   22.1094        8.95608        11.2706                 NaN
1020.12        14697.0        11.9511                 NaN   45.3519                 NaN            NaN   21.9003        9.20033        11.5964                 NaN
1022.14        14899.0        10.0700                 NaN   46.8367                 NaN            NaN   21.7063        9.41920        11.9678                 NaN
1024.16        15101.0        7.98728                 NaN   48.4659                 NaN            NaN   21.5301        9.61347        12.4033                 NaN
1026.18        15303.0        5.64724                 NaN   50.2639                 NaN            NaN   21.3974        9.76526        12.9262                 NaN
1028.20        15505.1        3.20365                 NaN   52.1808                 NaN            NaN   21.2008        9.96199        13.4527                 NaN
1030.22        15707.1       0.533737                 NaN   54.2369                 NaN            NaN   21.0542        10.1167        14.0585                 NaN
1032.24        15909.1                 NaN            NaN   54.6013                 NaN            NaN   21.0888        10.1182        14.1916                 NaN
1034.26        16111.1                 NaN            NaN   54.5555                 NaN            NaN   21.1462        10.1018        14.1965                 NaN
1036.28        16313.1                 NaN            NaN   54.4881                 NaN            NaN   21.2365        10.0623        14.2130                 NaN
1038.30        16515.2                 NaN            NaN   54.4409                 NaN            NaN   21.2961        10.0442        14.2188                 NaN
1040.32        16717.2                 NaN            NaN   54.3831                 NaN            NaN   21.3708        10.0167        14.2294                 NaN
1042.34        16919.2                 NaN            NaN   54.3270                 NaN            NaN   21.4444        9.98815        14.2404                 NaN
1044.36        17121.2                 NaN            NaN   54.2667                 NaN            NaN   21.5229        9.95823        14.2522                 NaN
1046.38        17323.2                 NaN            NaN   54.2088                 NaN            NaN   21.5982        9.92981        14.2632                 NaN
1048.40        17525.3                 NaN            NaN   54.1496                 NaN            NaN   21.6752        9.90051        14.2747                 NaN
1050.42        17727.3                 NaN            NaN   54.0949                 NaN            NaN   21.7470        9.87275        14.2854                 NaN
1052.44        17929.3                 NaN            NaN   54.0234                 NaN            NaN   21.8388        9.83811        14.2996                 NaN
1054.46        18131.3                 NaN            NaN   53.9729                 NaN            NaN   21.9071        9.80910        14.3109                 NaN
1056.48        18333.3                 NaN            NaN   53.9129                 NaN            NaN   21.9868        9.77610        14.3242                 NaN
1058.50        18535.4                 NaN            NaN   53.8460                 NaN            NaN   22.0699        9.74949        14.3346                 NaN
1060.52        18737.4                 NaN            NaN   53.7865                 NaN            NaN   22.1492        9.71614        14.3481                 NaN
1062.54        18939.4                 NaN            NaN   53.7240                 NaN            NaN   22.2309        9.68398        14.3611                 NaN
1064.56        19141.4                 NaN            NaN   53.6665                 NaN            NaN   22.3049        9.65712        14.3715                 NaN
1066.58        19343.4                 NaN            NaN   53.5973                 NaN            NaN   22.3931        9.62498        14.3845                 NaN
1068.60        19545.5                 NaN            NaN   53.5329                 NaN            NaN   22.4764        9.59336        14.3973                 NaN
1070.62        19747.5                 NaN            NaN   53.4622                 NaN            NaN   22.5665        9.56039        14.4109                 NaN
1072.64        19949.5                 NaN            NaN   53.3950                 NaN            NaN   22.6534        9.52699        14.4246                 NaN
1074.67        20151.5                 NaN            NaN   53.3314                 NaN            NaN   22.7386        9.48995        14.4400                 NaN
1076.69        20353.5                 NaN            NaN   53.2600                 NaN            NaN   22.8248        9.46602        14.4492                 NaN
1078.71        20555.6                 NaN            NaN   53.1902                 NaN            NaN   22.9195        9.42253        14.4678                 NaN
1080.73        20757.6                 NaN            NaN   53.1219                 NaN            NaN   23.0054        9.39301        14.4797                 NaN
1082.75        20959.6                 NaN            NaN   53.0467                 NaN            NaN   23.1058        9.34863        14.4989                 NaN
1084.77        21161.6                 NaN            NaN   52.9805                 NaN            NaN   23.1875        9.32315        14.5088                 NaN
1086.79        21363.6                 NaN            NaN   52.9081                 NaN            NaN   23.2826        9.28388        14.5255                 NaN
1088.81        21565.7                 NaN            NaN   52.8483                 NaN            NaN   23.3625        9.24970        14.5395                 NaN
1090.83        21767.7                 NaN            NaN   52.7634                 NaN            NaN   23.4688        9.21236        14.5554                 NaN
1092.85        21969.7                 NaN            NaN   52.6969                 NaN            NaN   23.5552        9.17861        14.5694                 NaN
1094.87        22171.7                 NaN            NaN   52.6140                 NaN            NaN   23.6580        9.14415        14.5838                 NaN
1096.89        22373.7                 NaN            NaN   52.5376                 NaN            NaN   23.7560        9.10658        14.5998                 NaN
1098.91        22575.8                 NaN            NaN   52.4630                 NaN            NaN   23.8517        9.07021        14.6151                 NaN
1100.93        22777.8                 NaN            NaN   52.3876                 NaN            NaN   23.9482        9.03362        14.6306                 NaN
1102.95        22979.8                 NaN            NaN   52.3074                 NaN            NaN   24.0507        8.99476        14.6472                 NaN
1104.97        23181.8                 NaN            NaN   52.2281                 NaN            NaN   24.1523        8.95566        14.6639                 NaN
1106.99        23383.8                 NaN            NaN   52.1522                 NaN            NaN   24.2493        8.91912        14.6793                 NaN
1109.01        23585.9                 NaN            NaN   52.0721                 NaN            NaN   24.3520        8.87966        14.6963                 NaN
1111.03        23787.9                 NaN            NaN   51.9912                 NaN            NaN   24.4569        8.83719        14.7146                 NaN
1113.05        23989.9                 NaN            NaN   51.9137                 NaN            NaN   24.5570        8.79777        14.7315                 NaN
1115.07        24191.9                 NaN            NaN   51.8305                 NaN            NaN   24.6602        8.76313        14.7461                 NaN
1117.09        24393.9                 NaN            NaN   51.7464                 NaN            NaN   24.7692        8.71913        14.7653                 NaN
1119.11        24596.0                 NaN            NaN   51.6780                 NaN            NaN   24.8556        8.68861        14.7778                 NaN
1121.13        24798.0                 NaN            NaN   51.5776                 NaN            NaN   24.9826        8.64089        14.7990                 NaN
1123.15        25000.0                 NaN            NaN   51.4948                 NaN            NaN   25.0882        8.60071        14.8163                 NaN
