|6.6.6
si57_norm_1.tab
1
T(K)
200.00000000000011
200.00000000000011
702006518
11
T(K)           P(bar)         Pl             Pl             Cpx            Cpx            Opx            Gt             ky             qtz            coes
923.150        5000.00        59.3703                 NaN   5.97671                 NaN   23.7303                 NaN            NaN   10.9227                 NaN
925.170        5202.02        59.3428                 NaN   5.99742                 NaN   23.7339                 NaN            NaN   10.9258                 NaN
927.190        5404.04        59.3144                 NaN   6.01924                 NaN   23.7370                 NaN            NaN   10.9293                 NaN
929.211        5606.06        59.2845                 NaN   6.04199                 NaN   23.7402                 NaN            NaN   10.9333                 NaN
931.231        5808.08        59.2534                 NaN   6.06556                 NaN   23.7433                 NaN            NaN   10.9377                 NaN
933.251        6010.10        59.2206                 NaN   6.09043                 NaN   23.7463                 NaN            NaN   10.9427                 NaN
935.271        6212.12        59.1872                 NaN   6.11572                 NaN   23.7492                 NaN            NaN   10.9479                 NaN
937.291        6414.14        59.1523                 NaN   6.14203                 NaN   23.7522                 NaN            NaN   10.9535                 NaN
939.312        6616.16        59.1154                 NaN   6.16969                 NaN   23.7551                 NaN            NaN   10.9598                 NaN
941.332        6818.18        59.0766                 NaN   6.19864                 NaN   23.7582                 NaN            NaN   10.9666                 NaN
943.352        7020.20        59.0355                 NaN   6.22917                 NaN   23.7612                 NaN            NaN   10.9741                 NaN
945.372        7222.22        58.9939                 NaN   6.26053                 NaN   23.7638                 NaN            NaN   10.9818                 NaN
947.392        7424.24        58.9506                 NaN   6.29267                 NaN   23.7667                 NaN            NaN   10.9900                 NaN
949.413        7626.26        58.9044                 NaN   6.32703                 NaN   23.7696                 NaN            NaN   10.9990                 NaN
951.433        7828.28        58.8571                 NaN   6.36247                 NaN   23.7721                 NaN            NaN   11.0084                 NaN
953.453        8030.30        58.8074                 NaN   6.39939                 NaN   23.7748                 NaN            NaN   11.0185                 NaN
955.473        8232.32        58.2976                 NaN   6.69699                 NaN   23.2416       0.598633                 NaN   11.1651                 NaN
957.493        8434.34        53.9691                 NaN   9.16592                 NaN   18.2431        6.17794                 NaN   12.4440                 NaN
959.514        8636.36        50.2006                 NaN   11.3405                 NaN   13.9175        10.9873                 NaN   13.5542                 NaN
961.534        8838.38        46.0578                 NaN   13.7050                 NaN   9.15042        16.3115                 NaN   14.7753                 NaN
963.554        9040.40        42.7767                 NaN   15.6031                 NaN   5.41678        20.4651                 NaN   15.7383                 NaN
965.574        9242.42        40.5918                 NaN   16.9011                 NaN   2.99012        23.1418                 NaN   16.3752                 NaN
967.594        9444.44        38.0125                 NaN   18.4126                 NaN  0.949398E-001   26.3512                 NaN   17.1287                 NaN
969.615        9646.46        37.7347                 NaN   18.4464                 NaN            NaN   26.6161                 NaN   17.2028                 NaN
971.635        9848.48        37.5258                 NaN   18.4267                 NaN            NaN   26.7909                 NaN   17.2565                 NaN
973.655        10050.5        37.3192                 NaN   18.4081                 NaN            NaN   26.9631                 NaN   17.3097                 NaN
975.675        10252.5        37.1026                 NaN   18.3897                 NaN            NaN   27.1420                 NaN   17.3656                 NaN
977.695        10454.5        36.8809                 NaN   18.3723                 NaN            NaN   27.3238                 NaN   17.4230                 NaN
979.716        10656.6        36.6314                 NaN   18.3525                 NaN            NaN   27.5279                 NaN   17.4882                 NaN
981.736        10858.6        36.3989                 NaN   18.3360                 NaN            NaN   27.7165                 NaN   17.5486                 NaN
983.756        11060.6        36.1467                 NaN   18.3199                 NaN            NaN   27.9189                 NaN   17.6145                 NaN
985.776        11262.6        35.8905                 NaN   18.3067                 NaN            NaN   28.1213                 NaN   17.6816                 NaN
987.796        11464.6        35.6222                 NaN   18.2931                 NaN            NaN   28.3328                 NaN   17.7520                 NaN
989.817        11666.7        35.3403                 NaN   18.2820                 NaN            NaN   28.5516                 NaN   17.8262                 NaN
991.837        11868.7        35.0394                 NaN   18.2754                 NaN            NaN   28.7796                 NaN   17.9056                 NaN
993.857        12070.7        34.7285                 NaN   18.2726                 NaN            NaN   29.0111                 NaN   17.9878                 NaN
995.877        12272.7        34.4156                 NaN   18.2743                 NaN            NaN   29.2396                 NaN   18.0705                 NaN
997.897        12474.7        34.0950                 NaN   18.2793                 NaN            NaN   29.4704                 NaN   18.1553                 NaN
999.918        12676.8        33.7197                 NaN   18.2987                 NaN            NaN   29.7264                 NaN   18.2552                 NaN
1001.94        12878.8        33.3800                 NaN   18.3111                 NaN            NaN   29.9637                 NaN   18.3452                 NaN
1003.96        13080.8        32.9986                 NaN   18.3424                 NaN            NaN   30.2124                 NaN   18.4466                 NaN
1005.98        13282.8        32.5837                 NaN   18.3944                 NaN            NaN   30.4648                 NaN   18.5571                 NaN
1008.00        13484.8        32.1680                 NaN   18.4492                 NaN            NaN   30.7151                 NaN   18.6677                 NaN
1010.02        13686.9        30.8230                 NaN   19.5389                 NaN            NaN   30.3606       0.497692        18.7798                 NaN
1012.04        13888.9        29.5551                 NaN   20.5686                 NaN            NaN   30.0378       0.940140        18.8984                 NaN
1014.06        14090.9        28.1512                 NaN   21.7372                 NaN            NaN   29.6469        1.43987        19.0249                 NaN
1016.08        14292.9        26.8698                 NaN   22.8013                 NaN            NaN   29.3302        1.82272        19.1761                 NaN
1018.10        14494.9        25.5748                 NaN   23.8790                 NaN            NaN   29.0287        2.16833        19.3493                 NaN
1020.12        14697.0        24.2568                 NaN   24.9777                 NaN            NaN   28.7412        2.47816        19.5461                 NaN
1022.14        14899.0        22.8760                 NaN   26.1240                 NaN            NaN   28.4656        2.76144        19.7730                 NaN
1024.16        15101.0        21.3893                 NaN   27.3497                 NaN            NaN   28.2025        3.01593        20.0426                 NaN
1026.18        15303.0        19.7895                 NaN   28.6400                 NaN            NaN   27.9850        3.21548        20.3700                 NaN
1028.20        15505.1        18.1005                 NaN   30.0528                 NaN            NaN   27.6720        3.49229        20.6824                 NaN
1030.22        15707.1        16.2254                 NaN   31.5693                 NaN            NaN   27.4262        3.69930        21.0799                 NaN
1032.24        15909.1        13.8909                 NaN   33.3997                 NaN            NaN   27.2240        3.86194        21.6235                 NaN
1034.26        16111.1        11.7945                 NaN   35.1154                 NaN            NaN   26.9311        4.08929        22.0697                 NaN
1036.28        16313.1        8.22375                 NaN   37.8244                 NaN            NaN   26.7691        4.21920        22.9635                 NaN
1038.30        16515.2        6.13614                 NaN   39.5516                 NaN            NaN   26.4644        4.43614        23.4117                 NaN
1040.32        16717.2        2.91145                 NaN   42.0559                 NaN            NaN   26.2368        4.60380        24.1920                 NaN
1042.34        16919.2                 NaN            NaN   44.3011                 NaN            NaN   26.0554        4.74000        24.9035                 NaN
1044.36        17121.2                 NaN            NaN   44.2568                 NaN            NaN   26.1139        4.72243        24.9069                 NaN
1046.38        17323.2                 NaN            NaN   44.2130                 NaN            NaN   26.1726        4.70329        24.9111                 NaN
1048.40        17525.3                 NaN            NaN   44.1672                 NaN            NaN   26.2336        4.68342        24.9157                 NaN
1050.42        17727.3                 NaN            NaN   44.1258                 NaN            NaN   26.2895        4.66515        24.9195                 NaN
1052.44        17929.3                 NaN            NaN   44.0810                 NaN            NaN   26.3492        4.64586        24.9239                 NaN
1054.46        18131.3                 NaN            NaN   44.0373                 NaN            NaN   26.4086        4.62494        24.9291                 NaN
1056.48        18333.3                 NaN            NaN   43.9912                 NaN            NaN   26.4712        4.60262        24.9350                 NaN
1058.50        18535.4                 NaN            NaN   43.9436                 NaN            NaN   26.5322        4.58611        24.9382                 NaN
1060.52        18737.4                 NaN            NaN   43.9073                 NaN            NaN   26.5831        4.56751        24.9422                 NaN
1062.54        18939.4                 NaN            NaN   43.8542                 NaN            NaN   26.6530        4.54394        24.9489                 NaN
1064.56        19141.4                 NaN            NaN   43.8098                 NaN            NaN   26.7113        4.52630        24.9526                 NaN
1066.58        19343.4                 NaN            NaN   43.7589                 NaN            NaN   26.7778        4.50513        24.9582                 NaN
1068.60        19545.5                 NaN            NaN   43.7124                 NaN            NaN   26.8398        4.48439        24.9635                 NaN
1070.62        19747.5                 NaN            NaN   43.6685                 NaN            NaN   26.8978        4.46610        24.9676                 NaN
1072.64        19949.5                 NaN            NaN   43.6212                 NaN            NaN   26.9606        4.44501        24.9731                 NaN
1074.67        20151.5                 NaN            NaN   43.5756                 NaN            NaN   27.0229        4.42180        24.9796                 NaN
1076.69        20353.5                 NaN            NaN   43.5312                 NaN            NaN   27.0783        4.40954        24.9810                 NaN
1078.71        20555.6                 NaN            NaN   43.4830                 NaN            NaN   27.1449        4.38282        24.9893                 NaN
1080.73        20757.6                 NaN            NaN   43.4310                 NaN            NaN   27.2125        4.36134        24.9951                 NaN
1082.75        20959.6                 NaN            NaN   43.3883                 NaN            NaN   27.2715        4.33889        25.0013                 NaN
1084.77        21161.6                 NaN            NaN   43.3373                 NaN            NaN   27.3365        4.32038        25.0058                 NaN
1086.79        21363.6                 NaN            NaN   43.2798                 NaN            NaN   27.4120        4.29405        25.0142                 NaN
1088.81        21565.7                 NaN            NaN   43.2370                 NaN            NaN   27.4705        4.27247        25.0200                 NaN
1090.83        21767.7                 NaN            NaN   43.1867                 NaN            NaN   27.5363        4.25109        25.0259                 NaN
1092.85        21969.7                 NaN            NaN   43.1394                 NaN            NaN   27.5985        4.23072        25.0313                 NaN
1094.87        22171.7                 NaN            NaN   43.0888                 NaN            NaN   27.6639        4.21066        25.0366                 NaN
1096.89        22373.7                 NaN            NaN   43.0404                 NaN            NaN   27.7274        4.18986        25.0423                 NaN
1098.91        22575.8                 NaN            NaN   42.9906                 NaN            NaN   27.7928        4.16819        25.0484                 NaN
1100.93        22777.8                 NaN            NaN   42.9397                 NaN            NaN   27.8596        4.14564        25.0550                 NaN
1102.95        22979.8                 NaN            NaN   42.8915                 NaN            NaN   27.9233        4.12412        25.0610                 NaN
1104.97        23181.8                 NaN            NaN   42.8385                 NaN            NaN   27.9926        4.10092        25.0680                 NaN
1106.99        23383.8                 NaN            NaN   42.7922                 NaN            NaN   28.0538        4.08033        25.0736                 NaN
1109.01        23585.9                 NaN            NaN   42.7401                 NaN            NaN   28.1221        4.05743        25.0804                 NaN
1111.03        23787.9                 NaN            NaN   42.6905                 NaN            NaN   28.1879        4.03422        25.0873                 NaN
1113.05        23989.9                 NaN            NaN   42.6397                 NaN            NaN   28.2555        4.01017        25.0947                 NaN
1115.07        24191.9                 NaN            NaN   42.5871                 NaN            NaN   28.3225        3.99026        25.1002                 NaN
1117.09        24393.9                 NaN            NaN   42.5368                 NaN            NaN   28.3891        3.96668        25.1074                 NaN
1119.11        24596.0                 NaN            NaN   42.4845                 NaN            NaN   28.4569        3.94489        25.1137                 NaN
1121.13        24798.0                 NaN            NaN   42.4302                 NaN            NaN   28.5276        3.92106        25.1211                 NaN
1123.15        25000.0                 NaN            NaN   42.3793                 NaN            NaN   28.5941        3.89886        25.1277                 NaN
