|6.6.6
si55_norm_1.tab
1
T(K)
200.00000000000011
200.00000000000011
-2122885898
11
T(K)           P(bar)         Pl             Pl             Cpx            Cpx            Opx            Gt             ky             qtz            coes
923.150        5000.00        59.9146                 NaN   8.53882                 NaN   25.3846                 NaN            NaN   6.16196                 NaN
925.170        5202.02        59.8788                 NaN   8.56487                 NaN   25.3878                 NaN            NaN   6.16853                 NaN
927.190        5404.04        59.8420                 NaN   8.59213                 NaN   25.3904                 NaN            NaN   6.17543                 NaN
929.211        5606.06        59.8034                 NaN   8.62057                 NaN   25.3932                 NaN            NaN   6.18287                 NaN
931.231        5808.08        59.7634                 NaN   8.64996                 NaN   25.3959                 NaN            NaN   6.19069                 NaN
933.251        6010.10        59.7215                 NaN   8.68092                 NaN   25.3985                 NaN            NaN   6.19909                 NaN
935.271        6212.12        59.6788                 NaN   8.71239                 NaN   25.4011                 NaN            NaN   6.20772                 NaN
937.291        6414.14        59.6344                 NaN   8.74506                 NaN   25.4037                 NaN            NaN   6.21683                 NaN
939.312        6616.16        59.5877                 NaN   8.77938                 NaN   25.4063                 NaN            NaN   6.22660                 NaN
941.332        6818.18        59.5386                 NaN   8.81535                 NaN   25.4090                 NaN            NaN   6.23701                 NaN
943.352        7020.20        59.4868                 NaN   8.85325                 NaN   25.4118                 NaN            NaN   6.24817                 NaN
945.372        7222.22        59.4346                 NaN   8.89192                 NaN   25.4140                 NaN            NaN   6.25947                 NaN
947.392        7424.24        59.3802                 NaN   8.93172                 NaN   25.4167                 NaN            NaN   6.27136                 NaN
949.413        7626.26        59.3223                 NaN   8.97422                 NaN   25.4193                 NaN            NaN   6.28421                 NaN
951.433        7828.28        59.2633                 NaN   9.01783                 NaN   25.4216                 NaN            NaN   6.29736                 NaN
953.453        8030.30        59.2013                 NaN   9.06336                 NaN   25.4240                 NaN            NaN   6.31131                 NaN
955.473        8232.32        59.0346                 NaN   9.16999                 NaN   25.3089       0.131610                 NaN   6.35496                 NaN
957.493        8434.34        54.4837                 NaN   11.7987                 NaN   20.0808        5.99346                 NaN   7.64343                 NaN
959.514        8636.36        50.3086                 NaN   14.2392                 NaN   15.3126        11.3170                 NaN   8.82259                 NaN
961.534        8838.38        45.7269                 NaN   16.8906                 NaN   10.0671        17.1984                 NaN   10.1170                 NaN
963.554        9040.40        42.0491                 NaN   19.0452                 NaN   5.90563        21.8478                 NaN   11.1523                 NaN
965.574        9242.42        39.6358                 NaN   20.4974                 NaN   3.24786        24.7915                 NaN   11.8275                 NaN
967.594        9444.44        36.7587                 NaN   22.2045                 NaN  0.420268E-001   28.3607                 NaN   12.6340                 NaN
969.615        9646.46        36.4951                 NaN   22.2180                 NaN            NaN   28.5853                 NaN   12.7017                 NaN
971.635        9848.48        36.2552                 NaN   22.2057                 NaN            NaN   28.7766                 NaN   12.7625                 NaN
973.655        10050.5        36.0177                 NaN   22.1962                 NaN            NaN   28.9634                 NaN   12.8227                 NaN
975.675        10252.5        35.7681                 NaN   22.1864                 NaN            NaN   29.1594                 NaN   12.8861                 NaN
977.695        10454.5        35.5122                 NaN   22.1781                 NaN            NaN   29.3585                 NaN   12.9513                 NaN
979.716        10656.6        35.2248                 NaN   22.1700                 NaN            NaN   29.5803                 NaN   13.0250                 NaN
981.736        10858.6        34.9566                 NaN   22.1640                 NaN            NaN   29.7860                 NaN   13.0934                 NaN
983.756        11060.6        34.6652                 NaN   22.1600                 NaN            NaN   30.0067                 NaN   13.1681                 NaN
985.776        11262.6        34.3680                 NaN   22.1587                 NaN            NaN   30.2289                 NaN   13.2443                 NaN
987.796        11464.6        34.0568                 NaN   22.1578                 NaN            NaN   30.4611                 NaN   13.3243                 NaN
989.817        11666.7        33.7303                 NaN   22.1624                 NaN            NaN   30.6989                 NaN   13.4084                 NaN
991.837        11868.7        33.3799                 NaN   22.1730                 NaN            NaN   30.9482                 NaN   13.4989                 NaN
993.857        12070.7        33.0160                 NaN   22.1863                 NaN            NaN   31.2048                 NaN   13.5929                 NaN
995.877        12272.7        32.6510                 NaN   22.2071                 NaN            NaN   31.4547                 NaN   13.6872                 NaN
997.897        12474.7        32.2751                 NaN   22.2318                 NaN            NaN   31.7088                 NaN   13.7843                 NaN
999.918        12676.8        31.8356                 NaN   22.2789                 NaN            NaN   31.9871                 NaN   13.8984                 NaN
1001.94        12878.8        31.4318                 NaN   22.3130                 NaN            NaN   32.2524                 NaN   14.0029                 NaN
1003.96        13080.8        30.9885                 NaN   22.3781                 NaN            NaN   32.5157                 NaN   14.1177                 NaN
1005.98        13282.8        30.5026                 NaN   22.4638                 NaN            NaN   32.7899                 NaN   14.2437                 NaN
1008.00        13484.8        29.4270                 NaN   23.2105                 NaN            NaN   32.6757       0.326878        14.3599                 NaN
1010.02        13686.9        27.9164                 NaN   24.4529                 NaN            NaN   32.2736       0.881813        14.4753                 NaN
1012.04        13888.9        26.6357                 NaN   25.5038                 NaN            NaN   31.9781        1.26833        14.6142                 NaN
1014.06        14090.9        25.1763                 NaN   26.7179                 NaN            NaN   31.6077        1.74170        14.7564                 NaN
1016.08        14292.9        23.8179                 NaN   27.8474                 NaN            NaN   31.3037        2.10331        14.9277                 NaN
1018.10        14494.9        22.4298                 NaN   29.0020                 NaN            NaN   31.0144        2.42957        15.1243                 NaN
1020.12        14697.0        20.9945                 NaN   30.1930                 NaN            NaN   30.7394        2.72437        15.3487                 NaN
1022.14        14899.0        19.4824                 NaN   31.4444                 NaN            NaN   30.4747        2.99172        15.6068                 NaN
1024.16        15101.0        17.8352                 NaN   32.7959                 NaN            NaN   30.2231        3.23240        15.9134                 NaN
1026.18        15303.0        16.0368                 NaN   34.2377                 NaN            NaN   30.0195        3.41979        16.2862                 NaN
1028.20        15505.1        14.1662                 NaN   35.7923                 NaN            NaN   29.7204        3.68029        16.6408                 NaN
1030.22        15707.1        12.0513                 NaN   37.4927                 NaN            NaN   29.4886        3.87531        17.0922                 NaN
1032.24        15909.1        9.38844                 NaN   39.5709                 NaN            NaN   29.3045        4.02794        17.7082                 NaN
1034.26        16111.1        7.02511                 NaN   41.4929                 NaN            NaN   29.0264        4.24066        18.2150                 NaN
1036.28        16313.1        3.62728                 NaN   44.1150                 NaN            NaN   28.8450        4.38590        19.0268                 NaN
1038.30        16515.2       0.676882                 NaN   46.4546                 NaN            NaN   28.5994        4.56572        19.7034                 NaN
1040.32        16717.2                 NaN            NaN   46.9397                 NaN            NaN   28.6107        4.58205        19.8676                 NaN
1042.34        16919.2                 NaN            NaN   46.8823                 NaN            NaN   28.6866        4.55394        19.8771                 NaN
1044.36        17121.2                 NaN            NaN   46.8278                 NaN            NaN   28.7606        4.52437        19.8873                 NaN
1046.38        17323.2                 NaN            NaN   46.7726                 NaN            NaN   28.8296        4.50545        19.8923                 NaN
1048.40        17525.3                 NaN            NaN   46.7203                 NaN            NaN   28.8982        4.48197        19.8996                 NaN
1050.42        17727.3                 NaN            NaN   46.6648                 NaN            NaN   28.9712        4.45596        19.9081                 NaN
1052.44        17929.3                 NaN            NaN   46.6080                 NaN            NaN   29.0453        4.42996        19.9167                 NaN
1054.46        18131.3                 NaN            NaN   46.5469                 NaN            NaN   29.1256        4.40057        19.9270                 NaN
1056.48        18333.3                 NaN            NaN   46.4940                 NaN            NaN   29.1964        4.37378        19.9359                 NaN
1058.50        18535.4                 NaN            NaN   46.4348                 NaN            NaN   29.2711        4.35119        19.9429                 NaN
1060.52        18737.4                 NaN            NaN   46.3771                 NaN            NaN   29.3473        4.32279        19.9527                 NaN
1062.54        18939.4                 NaN            NaN   46.3122                 NaN            NaN   29.4318        4.29233        19.9637                 NaN
1064.56        19141.4                 NaN            NaN   46.2576                 NaN            NaN   29.5023        4.26899        19.9710                 NaN
1066.58        19343.4                 NaN            NaN   46.1981                 NaN            NaN   29.5789        4.24344        19.9796                 NaN
1068.60        19545.5                 NaN            NaN   46.1387                 NaN            NaN   29.6561        4.21636        19.9888                 NaN
1070.62        19747.5                 NaN            NaN   46.0776                 NaN            NaN   29.7350        4.18925        19.9982                 NaN
1072.64        19949.5                 NaN            NaN   46.0161                 NaN            NaN   29.8148        4.16110        20.0080                 NaN
1074.67        20151.5                 NaN            NaN   45.9611                 NaN            NaN   29.8886        4.13204        20.0183                 NaN
1076.69        20353.5                 NaN            NaN   45.9008                 NaN            NaN   29.9627        4.11256        20.0240                 NaN
1078.71        20555.6                 NaN            NaN   45.8382                 NaN            NaN   30.0469        4.07773        20.0371                 NaN
1080.73        20757.6                 NaN            NaN   45.7690                 NaN            NaN   30.1351        4.04802        20.0479                 NaN
1082.75        20959.6                 NaN            NaN   45.7161                 NaN            NaN   30.2066        4.01932        20.0580                 NaN
1084.77        21161.6                 NaN            NaN   45.6442                 NaN            NaN   30.2960        3.99225        20.0675                 NaN
1086.79        21363.6                 NaN            NaN   45.5844                 NaN            NaN   30.3749        3.96248        20.0783                 NaN
1088.81        21565.7                 NaN            NaN   45.5238                 NaN            NaN   30.4549        3.93187        20.0894                 NaN
1090.83        21767.7                 NaN            NaN   45.4576                 NaN            NaN   30.5389        3.90433        20.0992                 NaN
1092.85        21969.7                 NaN            NaN   45.3981                 NaN            NaN   30.6163        3.87653        20.1090                 NaN
1094.87        22171.7                 NaN            NaN   45.3317                 NaN            NaN   30.7001        3.84984        20.1184                 NaN
1096.89        22373.7                 NaN            NaN   45.2709                 NaN            NaN   30.7790        3.82168        20.1284                 NaN
1098.91        22575.8                 NaN            NaN   45.2049                 NaN            NaN   30.8637        3.79219        20.1392                 NaN
1100.93        22777.8                 NaN            NaN   45.1433                 NaN            NaN   30.9431        3.76458        20.1490                 NaN
1102.95        22979.8                 NaN            NaN   45.0749                 NaN            NaN   31.0311        3.73336        20.1606                 NaN
1104.97        23181.8                 NaN            NaN   45.0090                 NaN            NaN   31.1162        3.70290        20.1719                 NaN
1106.99        23383.8                 NaN            NaN   44.9461                 NaN            NaN   31.1973        3.67447        20.1821                 NaN
1109.01        23585.9                 NaN            NaN   44.8745                 NaN            NaN   31.2887        3.64259        20.1942                 NaN
1111.03        23787.9                 NaN            NaN   44.8066                 NaN            NaN   31.3770        3.60973        20.2067                 NaN
1113.05        23989.9                 NaN            NaN   44.7423                 NaN            NaN   31.4609        3.57860        20.2183                 NaN
1115.07        24191.9                 NaN            NaN   44.6806                 NaN            NaN   31.5384        3.55467        20.2264                 NaN
1117.09        24393.9                 NaN            NaN   44.6174                 NaN            NaN   31.6210        3.52373        20.2379                 NaN
1119.11        24596.0                 NaN            NaN   44.5536                 NaN            NaN   31.7022        3.49658        20.2476                 NaN
1121.13        24798.0                 NaN            NaN   44.4788                 NaN            NaN   31.7974        3.46344        20.2604                 NaN
1123.15        25000.0                 NaN            NaN   44.4064                 NaN            NaN   31.8895        3.43159        20.2725                 NaN
