|6.6.6
hacker_2015_md_xenolith_hp_1.tab
1
T(K)
200.00000000000011
200.00000000000011
-2102291210
18
T(K) P(bar) Omph(HP) Omph(HP) Gt(W) Opx(W) Pl(I1,HP) Pl(I1,HP) Pl(I1,HP) ky sph ab q ru kjdh Ilm(WPH) Fsp(C1) melt(G)
923.150 5000.00 15.2462 NaN NaN 22.9637 3.13001 57.5748 NaN NaN NaN NaN NaN NaN NaN 1.08525 NaN NaN
925.170 5202.02 15.2493 NaN NaN 22.9636 57.5883 3.11334 NaN NaN NaN NaN NaN NaN NaN 1.08541 NaN NaN
927.190 5404.04 15.2518 NaN NaN 22.9642 57.5935 3.10495 NaN NaN NaN NaN NaN NaN NaN 1.08556 NaN NaN
929.211 5606.06 15.2419 NaN NaN 22.9770 57.6354 3.06002 NaN NaN NaN NaN NaN NaN NaN 1.08566 NaN NaN
931.231 5808.08 15.2515 NaN NaN 22.9705 57.6292 3.06304 NaN NaN NaN NaN NaN NaN NaN 1.08585 NaN NaN
933.251 6010.10 15.3174 NaN NaN 22.9748 57.5606 3.03861 NaN NaN NaN NaN 0.225476E-001 NaN NaN 1.08613 NaN NaN
935.271 6212.12 15.4564 NaN NaN 22.9825 2.99616 57.4077 NaN NaN NaN NaN 0.707257E-001 NaN NaN 1.08656 NaN NaN
937.291 6414.14 15.5292 NaN NaN 22.9806 2.98986 57.3199 NaN NaN NaN NaN 0.934770E-001 NaN NaN 1.08687 NaN NaN
939.312 6616.16 15.6773 NaN NaN 22.9759 57.1388 2.98013 NaN NaN NaN NaN 0.140476 NaN NaN 1.08735 NaN NaN
941.332 6818.18 15.7559 NaN NaN 22.9743 57.0416 2.97520 NaN NaN NaN NaN 0.165217 NaN NaN 1.08768 NaN NaN
943.352 7020.20 15.9185 NaN NaN 22.9818 56.8578 2.93274 NaN NaN NaN NaN 0.221036 NaN NaN 1.08816 NaN NaN
945.372 7222.22 16.0894 NaN NaN 22.9773 56.6444 2.92445 NaN NaN NaN NaN 0.275670 NaN NaN 1.08869 NaN NaN
947.392 7424.24 16.1802 NaN NaN 22.9759 56.5297 2.92065 NaN NaN NaN NaN 0.304473 NaN NaN 1.08904 NaN NaN
949.413 7626.26 16.3547 NaN NaN 22.9823 56.3259 2.88379 NaN NaN NaN NaN 0.363786 NaN NaN 1.08956 NaN NaN
951.433 7828.28 18.8097 NaN 6.40070 19.0682 51.2879 2.83785 NaN NaN NaN NaN 0.940509 0.655134 NaN NaN NaN NaN
953.453 8030.30 20.9990 NaN 11.7761 14.7121 2.73740 47.0227 NaN NaN NaN NaN 2.08980 0.662858 NaN NaN NaN NaN
955.473 8232.32 22.1805 NaN 14.5715 12.4238 2.62851 1.14103 43.6958 NaN NaN NaN 2.69202 0.666921 NaN NaN NaN NaN
957.493 8434.34 23.8662 NaN 18.3528 9.28511 30.2822 2.32932 11.6909 NaN NaN NaN 3.52107 0.672401 NaN NaN NaN NaN
959.514 8636.36 26.5569 NaN 24.2719 4.32676 3.13704 1.88334 34.3231 NaN NaN NaN 4.82004 0.680880 NaN NaN NaN NaN
961.534 8838.38 27.3869 NaN 25.8437 2.95637 36.3397 1.60746 NaN NaN NaN NaN 5.18261 0.683254 NaN NaN NaN NaN
963.554 9040.40 29.1009 NaN 29.3363 NaN 33.9276 0.968549 NaN NaN NaN NaN 5.97838 0.688346 NaN NaN NaN NaN
965.574 9242.42 29.1030 NaN 29.6715 NaN 33.4207 1.02523 NaN NaN NaN NaN 6.09059 0.689071 NaN NaN NaN NaN
967.594 9444.44 29.1912 NaN 29.7061 NaN 33.4200 0.865543 NaN NaN NaN NaN 6.12791 0.689331 NaN NaN NaN NaN
969.615 9646.46 29.2392 NaN 30.0647 NaN 0.849812 32.8927 NaN NaN NaN NaN 6.26343 0.690158 NaN NaN NaN NaN
971.635 9848.48 29.2682 NaN 30.2453 NaN 0.845430 32.6192 NaN NaN NaN NaN 6.33126 0.690626 NaN NaN NaN NaN
973.655 10050.5 29.3937 NaN 30.4428 NaN 0.672593 32.3626 NaN NaN NaN NaN 6.43703 0.691245 NaN NaN NaN NaN
975.675 10252.5 29.4749 NaN 30.7755 NaN 31.7987 0.684310 NaN NaN NaN NaN 6.57453 0.692078 NaN NaN NaN NaN
977.695 10454.5 29.5217 NaN 30.9464 NaN 31.5033 0.691157 NaN NaN NaN NaN 6.64490 0.692556 NaN NaN NaN NaN
979.716 10656.6 29.6769 NaN 31.1065 NaN 31.2481 0.527677 NaN NaN NaN NaN 6.74762 0.693153 NaN NaN NaN NaN
981.736 10858.6 29.7946 NaN 31.4159 NaN 0.572874 30.6335 NaN NaN NaN NaN 6.88915 0.694005 NaN NaN NaN NaN
983.756 11060.6 29.8831 NaN 31.5506 NaN 30.3081 0.602920 NaN NaN NaN NaN 6.96085 0.694480 NaN NaN NaN NaN
985.776 11262.6 30.0750 NaN 31.6763 NaN 30.0346 0.455016 NaN NaN NaN NaN 7.06392 0.695073 NaN NaN NaN NaN
987.796 11464.6 30.1720 NaN 31.8042 NaN 29.6931 0.499013 NaN NaN NaN NaN 7.13607 0.695552 NaN NaN NaN NaN
989.817 11666.7 30.3968 NaN 32.0431 NaN 28.9729 0.601942 NaN NaN NaN NaN 7.28884 0.696442 NaN NaN NaN NaN
991.837 11868.7 30.6433 NaN 32.1260 NaN 0.479812 28.6585 NaN NaN NaN NaN 7.39527 0.697042 NaN NaN NaN NaN
993.857 12070.7 30.7889 NaN 32.2335 NaN 0.549093 28.2545 NaN NaN NaN NaN 7.47648 0.697560 NaN NaN NaN NaN
995.877 12272.7 31.1341 NaN 32.4148 NaN 27.3942 0.709019 NaN NaN NaN NaN 7.64939 0.698533 NaN NaN NaN NaN
997.897 12474.7 31.3402 NaN 32.4981 NaN 0.798307 26.9219 NaN NaN NaN NaN 7.74238 0.699101 NaN NaN NaN NaN
999.918 12676.8 31.6962 NaN 32.5245 NaN 26.4890 0.724948 NaN NaN NaN NaN 7.86564 0.699768 NaN NaN NaN NaN
1001.94 12878.8 32.2668 NaN 32.6223 NaN 25.3668 0.958471 NaN NaN NaN NaN 8.08467 0.700938 NaN NaN NaN NaN
1003.96 13080.8 32.6041 NaN 32.6656 NaN 1.08907 24.7322 NaN NaN NaN NaN 8.20741 0.701636 NaN NaN NaN NaN
1005.98 13282.8 33.1226 NaN 32.6254 NaN 1.07618 24.1117 NaN NaN NaN NaN 8.36168 0.702431 NaN NaN NaN NaN
1008.00 13484.8 33.5553 NaN 32.6449 NaN 23.3495 1.23924 NaN NaN NaN NaN 8.50786 0.703235 NaN NaN NaN NaN
1010.02 13686.9 34.6605 NaN 32.6225 NaN 21.5284 1.62056 NaN NaN NaN NaN 8.86306 0.705023 NaN NaN NaN NaN
1012.04 13888.9 35.3718 NaN 32.5374 NaN 20.6251 1.69387 NaN NaN NaN NaN 9.06581 0.706041 NaN NaN NaN NaN
1014.06 14090.9 36.0951 NaN 32.5026 NaN 1.93932 19.4660 NaN NaN NaN NaN 9.28974 0.707203 NaN NaN NaN NaN
1016.08 14292.9 37.8212 NaN 32.3661 NaN 16.7997 2.49135 NaN NaN NaN NaN 9.81187 0.709765 NaN NaN NaN NaN
1018.10 14494.9 37.7005 NaN 32.3446 NaN 2.33710 17.1484 NaN NaN NaN NaN 9.75985 0.709587 NaN NaN NaN NaN
1020.12 14697.0 39.4727 NaN 32.2130 NaN 2.92248 14.3809 NaN NaN NaN NaN 10.2988 0.712241 NaN NaN NaN NaN
1022.14 14899.0 41.2298 NaN 32.0854 NaN 3.48147 11.6544 NaN NaN NaN NaN 10.8340 0.714887 NaN NaN NaN NaN
1024.16 15101.0 41.0142 NaN 32.0736 NaN 3.35394 12.0900 NaN NaN NaN NaN 10.7536 0.714574 NaN NaN NaN NaN
1026.18 15303.0 42.6555 NaN 31.9559 NaN 3.88582 9.53216 NaN NaN NaN NaN 11.2535 0.717057 NaN NaN NaN NaN
1028.20 15505.1 43.4376 NaN 31.9041 NaN 4.12978 8.31966 NaN NaN NaN NaN 11.4906 0.718288 NaN NaN NaN NaN
1030.22 15707.1 43.9701 NaN 31.8408 NaN 4.28204 7.54731 NaN NaN NaN NaN 11.6407 0.719078 NaN NaN NaN NaN
1032.24 15909.1 45.4471 NaN 31.7338 NaN 5.27098 4.73741 NaN NaN NaN NaN 12.0894 0.721321 NaN NaN NaN NaN
1034.26 16111.1 46.1597 NaN 31.6858 NaN 4.18052 4.94704 NaN NaN NaN NaN 12.3045 0.722447 NaN NaN NaN NaN
1036.28 16313.1 46.6496 NaN 31.6242 NaN 3.44197 5.12029 NaN NaN NaN NaN 12.4408 0.723172 NaN NaN NaN NaN
1038.30 16515.2 47.3542 NaN 31.5738 NaN 5.32602 2.36957 NaN NaN NaN NaN 12.6522 0.724279 NaN NaN NaN NaN
1040.32 16717.2 48.7142 NaN 31.4759 NaN 0.303410 5.71546 NaN NaN NaN NaN 13.0647 0.726349 NaN NaN NaN NaN
1042.34 16919.2 48.9243 NaN 31.4841 NaN 5.73289 NaN NaN NaN NaN NaN 13.1319 0.726777 NaN NaN NaN NaN
1044.36 17121.2 49.0354 NaN 31.5241 NaN 5.53641 NaN NaN NaN NaN NaN 13.1770 0.727122 NaN NaN NaN NaN
1046.38 17323.2 49.1465 NaN 31.5645 NaN 5.33921 NaN NaN NaN NaN NaN 13.2223 0.727470 NaN NaN NaN NaN
1048.40 17525.3 49.2114 NaN 31.6108 NaN 5.19588 NaN NaN NaN NaN NaN 13.2542 0.727751 NaN NaN NaN NaN
1050.42 17727.3 49.2379 NaN 31.6678 NaN 5.08897 NaN NaN NaN NaN NaN 13.2773 0.727990 NaN NaN NaN NaN
1052.44 17929.3 49.2489 NaN 31.7243 NaN 5.00356 NaN NaN NaN NaN NaN 13.2950 0.728201 NaN NaN NaN NaN
1054.46 18131.3 49.2456 NaN 31.7779 NaN 4.94107 NaN NaN NaN NaN NaN 13.3071 0.728381 NaN NaN NaN NaN
1056.48 18333.3 49.2061 NaN 31.8454 NaN 4.90802 NaN NaN NaN NaN NaN 13.3120 0.728529 NaN NaN NaN NaN
1058.50 18535.4 49.2429 NaN 31.8909 NaN 4.80285 NaN NaN NaN NaN NaN 13.3345 0.728760 NaN NaN NaN NaN
1060.52 18737.4 49.2091 NaN 31.9601 NaN 4.76004 NaN NaN NaN NaN NaN 13.3419 0.728921 NaN NaN NaN NaN
1062.54 18939.4 49.1801 NaN 32.0199 NaN 4.72324 NaN NaN NaN NaN NaN 13.3477 0.729069 NaN NaN NaN NaN
1064.56 19141.4 49.1548 NaN 32.0866 NaN 4.67230 NaN NaN NaN NaN NaN 13.3571 0.729240 NaN NaN NaN NaN
1066.58 19343.4 49.1417 NaN 32.1427 NaN 4.61931 NaN NaN NaN NaN NaN 13.3668 0.729407 NaN NaN NaN NaN
1068.60 19545.5 49.1004 NaN 32.2127 NaN 4.58525 NaN NaN NaN NaN NaN 13.3721 0.729557 NaN NaN NaN NaN
1070.62 19747.5 49.0776 NaN 32.2658 NaN 4.54934 NaN NaN NaN NaN NaN 13.3776 0.729700 NaN NaN NaN NaN
1072.64 19949.5 49.0393 NaN 32.3302 NaN 4.51868 NaN NaN NaN NaN NaN 13.3820 0.729842 NaN NaN NaN NaN
1074.67 20151.5 48.9855 NaN 32.4010 NaN 4.50003 NaN NaN NaN NaN NaN 13.3835 0.729971 NaN NaN NaN NaN
1076.69 20353.5 48.9763 NaN 32.4420 NaN 4.46210 NaN NaN NaN NaN NaN 13.3895 0.730111 NaN NaN NaN NaN
1078.71 20555.6 48.9131 NaN 32.5242 NaN 4.44073 NaN NaN NaN NaN NaN 13.3917 0.730248 NaN NaN NaN NaN
1080.73 20757.6 48.8681 NaN 32.5919 NaN 4.41460 NaN NaN NaN NaN NaN 13.3951 0.730385 NaN NaN NaN NaN
1082.75 20959.6 48.8217 NaN 32.6547 NaN 4.39673 NaN NaN NaN NaN NaN 13.3963 0.730508 NaN NaN NaN NaN
1084.77 21161.6 48.7814 NaN 32.7177 NaN 4.37070 NaN NaN NaN NaN NaN 13.3996 0.730642 NaN NaN NaN NaN
1086.79 21363.6 48.7301 NaN 32.7852 NaN 4.35307 NaN NaN NaN NaN NaN 13.4009 0.730767 NaN NaN NaN NaN
1088.81 21565.7 48.6943 NaN 32.8369 NaN 4.33608 NaN NaN NaN NaN NaN 13.4018 0.730883 NaN NaN NaN NaN
1090.83 21767.7 48.6351 NaN 32.9125 NaN 4.31818 NaN NaN NaN NaN NaN 13.4032 0.731012 NaN NaN NaN NaN
1092.85 21969.7 48.5689 NaN 32.9945 NaN 4.30077 NaN NaN NaN NaN NaN 13.4046 0.731143 NaN NaN NaN NaN
1094.87 22171.7 48.5447 NaN 33.0361 NaN 4.28194 NaN NaN NaN NaN NaN 13.4060 0.731257 NaN NaN NaN NaN
1096.89 22373.7 48.4839 NaN 33.1112 NaN 4.26680 NaN NaN NaN NaN NaN 13.4067 0.731381 NaN NaN NaN NaN
1098.91 22575.8 48.4349 NaN 33.1740 NaN 4.25246 NaN NaN NaN NaN NaN 13.4072 0.731499 NaN NaN NaN NaN
1100.93 22777.8 48.3829 NaN 33.2392 NaN 4.23880 NaN NaN NaN NaN NaN 13.4075 0.731616 NaN NaN NaN NaN
1102.95 22979.8 48.3354 NaN 33.2995 NaN 4.22572 NaN NaN NaN NaN NaN 13.4077 0.731730 NaN NaN NaN NaN
1104.97 23181.8 48.2801 NaN 33.3668 NaN 4.21357 NaN NaN NaN NaN NaN 13.4077 0.731846 NaN NaN NaN NaN
1106.99 23383.8 48.2200 NaN 33.4387 NaN 4.20163 NaN NaN NaN NaN NaN 13.4077 0.731964 NaN NaN NaN NaN
1109.01 23585.9 48.1706 NaN 33.4997 NaN 4.19020 NaN NaN NaN NaN NaN 13.4074 0.732076 NaN NaN NaN NaN
1111.03 23787.9 48.1082 NaN 33.5724 NaN 4.18028 NaN NaN NaN NaN NaN 13.4070 0.732191 NaN NaN NaN NaN
1113.05 23989.9 48.0519 NaN 33.6377 NaN 4.17209 NaN NaN NaN NaN NaN 13.4060 0.732300 NaN NaN NaN NaN
1115.07 24191.9 48.0087 NaN 33.6934 NaN 4.15946 NaN NaN NaN NaN NaN 13.4061 0.732410 NaN NaN NaN NaN
1117.09 24393.9 47.9411 NaN 33.7706 NaN 4.15022 NaN NaN NaN NaN NaN 13.4055 0.732527 NaN NaN NaN NaN
1119.11 24596.0 47.8821 NaN 33.8398 NaN 4.14053 NaN NaN NaN NaN NaN 13.4050 0.732640 NaN NaN NaN NaN
1121.13 24798.0 47.8291 NaN 33.9024 NaN 4.13162 NaN NaN NaN NaN NaN 13.4042 0.732748 NaN NaN NaN NaN
1123.15 25000.0 47.7738 NaN 33.9668 NaN 4.12323 NaN NaN NaN NaN NaN 13.4033 0.732856 NaN NaN NaN NaN
