|6.6.6
zhang_2006_mafic_granulite_1.tab
1
T(K)
500.00000000000011
500.00000000000011
-1385446154
9
T(K)           P(bar)         Pl             Pl             Cpx            Opx            qtz            Gt             ky
773.150        25000.0                 NaN            NaN   54.1836                 NaN   13.5375        20.6457        11.6332
778.201        24798.0                 NaN            NaN   54.1768                 NaN   13.5465        20.6556        11.6211
783.251        24596.0                 NaN            NaN   54.1680                 NaN   13.5562        20.6679        11.6079
788.302        24393.9                 NaN            NaN   54.1583                 NaN   13.5664        20.6817        11.5936
793.352        24191.9                 NaN            NaN   54.1462                 NaN   13.5776        20.6990        11.5773
798.403        23989.9                 NaN            NaN   54.1449                 NaN   13.5865        20.7030        11.5656
803.453        23787.9                 NaN            NaN   54.1378                 NaN   13.5972        20.7145        11.5505
808.504        23585.9                 NaN            NaN   54.1289                 NaN   13.6087        20.7286        11.5338
813.554        23383.8                 NaN            NaN   54.1229                 NaN   13.6199        20.7395        11.5177
818.605        23181.8                 NaN            NaN   54.1168                 NaN   13.6316        20.7509        11.5007
823.655        22979.8                 NaN            NaN   54.1095                 NaN   13.6441        20.7642        11.4822
828.706        22777.8                 NaN            NaN   54.1050                 NaN   13.6563        20.7744        11.4643
833.756        22575.8                 NaN            NaN   54.0978                 NaN   13.6697        20.7885        11.4440
838.807        22373.7                 NaN            NaN   54.0957                 NaN   13.6824        20.7966        11.4252
843.857        22171.7                 NaN            NaN   54.0867                 NaN   13.6973        20.8138        11.4021
848.908        21969.7                 NaN            NaN   54.0785                 NaN   13.7126        20.8305        11.3784
853.958        21767.7                 NaN            NaN   54.0784                 NaN   13.7267        20.8380        11.3569
859.009        21565.7                 NaN            NaN   54.0695                 NaN   13.7433        20.8566        11.3306
864.059        21363.6                 NaN            NaN   54.0728                 NaN   13.7580        20.8611        11.3081
869.110        21161.6                 NaN            NaN   54.0680                 NaN   13.7753        20.8762        11.2805
874.160        20959.6                 NaN            NaN   54.0640                 NaN   13.7930        20.8908        11.2522
879.211        20757.6                 NaN            NaN   54.0544                 NaN   13.8128        20.9130        11.2197
884.261        20555.6                 NaN            NaN   54.0515                 NaN   13.8320        20.9278        11.1887
889.312        20353.5                 NaN            NaN   54.0478                 NaN   13.8522        20.9446        11.1554
894.362        20151.5                 NaN            NaN   54.0438                 NaN   13.8734        20.9623        11.1205
899.413        19949.5                 NaN            NaN   54.0395                 NaN   13.8952        20.9809        11.0843
904.463        19747.5                 NaN            NaN   54.0359                 NaN   13.9182        21.0000        11.0459
909.514        19545.5                 NaN            NaN   54.0343                 NaN   13.9420        21.0177        11.0060
914.564        19343.4                 NaN            NaN   54.0296                 NaN   13.9676        21.0403        10.9625
919.615        19141.4                 NaN            NaN   54.0271                 NaN   13.9935        21.0608        10.9187
924.665        18939.4                 NaN            NaN   54.0221                 NaN   14.0217        21.0860        10.8702
929.716        18737.4                 NaN            NaN   54.0239                 NaN   14.0489        21.1034        10.8238
934.766        18535.4                 NaN            NaN   54.0192                 NaN   14.0792        21.1302        10.7714
939.817        18333.3                 NaN            NaN   54.0128                 NaN   14.1113        21.1603        10.7156
944.867        18131.3                 NaN            NaN   54.0092                 NaN   14.1443        21.1884        10.6582
949.918        17929.3                 NaN            NaN   54.0082                 NaN   14.1782        21.2146        10.5990
954.968        17727.3                 NaN            NaN   54.0027                 NaN   14.2146        21.2478        10.5350
960.019        17525.3                 NaN            NaN   54.0004                 NaN   14.2522        21.2787        10.4687
965.069        17323.2                 NaN            NaN   53.9979                 NaN   14.2920        21.3119        10.3982
970.120        17121.2                 NaN            NaN   53.9945                 NaN   14.3335        21.3475        10.3245
975.170        16919.2                 NaN            NaN   53.9924                 NaN   14.3762        21.3829        10.2485
980.221        16717.2                 NaN            NaN   53.9894                 NaN   14.4210        21.4209        10.1687
985.271        16515.2                 NaN            NaN   53.9872                 NaN   14.4674        21.4596        10.0858
990.322        16313.1                 NaN            NaN   53.9871                 NaN   14.5166        21.4986        9.99768
995.372        16111.1        2.38649                 NaN   52.1678                 NaN   14.0057        21.6390        9.80098
1000.42        15909.1        10.0303                 NaN   46.2539                 NaN   12.2926        22.1213        9.30201
1005.47        15707.1        16.0726                 NaN   41.4825                 NaN   10.9979        22.6568        8.79021
1010.52        15505.1        20.7747                 NaN   37.6487                 NaN   10.0727        23.2742        8.22972
1015.57        15303.0        24.7209                 NaN   34.3460                 NaN   9.37041        23.9503        7.61237
1020.62        15101.0        28.1209                 NaN   31.4106                 NaN   8.86036        24.7164        6.89168
1025.68        14899.0        31.3040                 NaN   28.5998                 NaN   8.47232        25.5854        6.03853
1030.73        14697.0        34.4790                 NaN   25.7553                 NaN   8.18193        26.5899        4.99386
1035.78        14494.9        37.8549                 NaN   22.7222                 NaN   7.96640        27.7611        3.69538
1040.83        14292.9        41.7774                 NaN   19.2183                 NaN   7.81696        29.2052        1.98217
1045.88        14090.9        46.0173                 NaN   15.5368                 NaN   7.71915        30.7268                 NaN
1050.93        13888.9        46.5705                 NaN   15.5851                 NaN   7.57727        30.2671                 NaN
1055.98        13686.9        47.0829                 NaN   15.6424                 NaN   7.44616        29.8286                 NaN
1061.03        13484.8        47.5510                 NaN   15.7089                 NaN   7.32675        29.4134                 NaN
1066.08        13282.8        47.9865                 NaN   15.7786                 NaN   7.21604        29.0189                 NaN
1071.13        13080.8        48.3861                 NaN   15.8494                 NaN   7.11500        28.6495                 NaN
1076.18        12878.8        48.7607                 NaN   15.9184                 NaN   7.02082        28.3001                 NaN
1081.23        12676.8        49.1110                 NaN   15.9880                 NaN   6.93334        27.9677                 NaN
1086.28        12474.7        49.4359                 NaN   16.0547                 NaN   6.85300        27.6564                 NaN
1091.33        12272.7        49.7431                 NaN   16.1158                 NaN   6.77791        27.3631                 NaN
1096.38        12070.7        50.0330                 NaN   16.1814                 NaN   6.70811        27.0775                 NaN
1101.43        11868.7        50.3054                 NaN   16.2433                 NaN   6.64407        26.8072                 NaN
1106.48        11666.7        50.5619                 NaN   16.3015                 NaN   6.58617        26.5504                 NaN
1111.53        11464.6        50.7995                 NaN   16.3574                 NaN   6.53778        26.3053                 NaN
1116.58        11262.6        51.0192                 NaN   16.4080                 NaN   6.50324        26.0695                 NaN
1121.63        11060.6        51.2422                 NaN   16.4634                 NaN   6.44236        25.8520                 NaN
1126.69        10858.6        53.7104                 NaN   15.0781        2.85131        5.75114        22.6091                 NaN
1131.74        10656.6        57.9279                 NaN   12.5857        7.92960        4.56832        16.9885                 NaN
1136.79        10454.5        63.0833                 NaN   9.59254        14.1922        3.12012        10.0118                 NaN
1141.84        10252.5        68.8176                 NaN   6.29652        21.2009        1.50737        2.17759                 NaN
1146.89        10050.5        70.4413                 NaN   5.35349        23.1542        1.05106                 NaN            NaN
1151.94        9848.48        70.4921                 NaN   5.30216        23.1681        1.03765                 NaN            NaN
1156.99        9646.46        70.5409                 NaN   5.25177        23.1825        1.02478                 NaN            NaN
1162.04        9444.44        70.5874                 NaN   5.20294        23.1971        1.01250                 NaN            NaN
1167.09        9242.42        70.6329                 NaN   5.15426        23.2123        1.00048                 NaN            NaN
1172.14        9040.40        70.6762                 NaN   5.10682        23.2279       0.989019                 NaN            NaN
1177.19        8838.38        70.7176                 NaN   5.06023        23.2441       0.978080                 NaN            NaN
1182.24        8636.36        70.7572                 NaN   5.01470        23.2605       0.967571                 NaN            NaN
1187.29        8434.34        70.7948                 NaN   4.97015        23.2775       0.957595                 NaN            NaN
1192.34        8232.32        70.8322                 NaN   4.92520        23.2949       0.947658                 NaN            NaN
1197.39        8030.30        70.8678                 NaN   4.88113        23.3128       0.938188                 NaN            NaN
1202.44        7828.28        70.9017                 NaN   4.83784        23.3313       0.929174                 NaN            NaN
1207.49        7626.26        70.9349                 NaN   4.79459        23.3502       0.920303                 NaN            NaN
1212.54        7424.24        70.9669                 NaN   4.75172        23.3696       0.911775                 NaN            NaN
1217.59        7222.22        70.9966                 NaN   4.71004        23.3895       0.903812                 NaN            NaN
1222.64        7020.20        71.0260                 NaN   4.66796        23.4101       0.895940                 NaN            NaN
1227.70        6818.18        71.0554                 NaN   4.62533        23.4312       0.888053                 NaN            NaN
1232.75        6616.16        71.0829                 NaN   4.58360        23.4528       0.880645                 NaN            NaN
1237.80        6414.14        71.1100                 NaN   4.54151        23.4751       0.873342                 NaN            NaN
1242.85        6212.12        71.1353                 NaN   4.50042        23.4978       0.866516                 NaN            NaN
1247.90        6010.10        71.1602                 NaN   4.45877        23.5213       0.859781                 NaN            NaN
1252.95        5808.08        71.1847                 NaN   4.41690        23.5453       0.853141                 NaN            NaN
1258.00        5606.06        71.2084                 NaN   4.37485        23.5701       0.846685                 NaN            NaN
1263.05        5404.04        71.2311                 NaN   4.33292        23.5955       0.840486                 NaN            NaN
1268.10        5202.02        71.2530                 NaN   4.29104        23.6214       0.834492                 NaN            NaN
1273.15        5000.00        71.2751                 NaN   4.24820        23.6483       0.828460                 NaN            NaN
