|6.6.6
zhang_2006_mafic_granulite_1.tab
1
T(K)
200.00000000000011
200.00000000000011
-1171467018
9
T(K)           P(bar)         Pl             Pl             Cpx            Opx            qtz            Gt             ky
923.150        5000.00        72.0198                 NaN   4.45231        22.8677       0.660221                 NaN            NaN
925.170        5202.02        71.9937                 NaN   4.47016        22.8699       0.666220                 NaN            NaN
927.190        5404.04        71.9675                 NaN   4.48806        22.8722       0.672264                 NaN            NaN
929.211        5606.06        71.9397                 NaN   4.50722        22.8743       0.678721                 NaN            NaN
931.231        5808.08        71.9114                 NaN   4.52689        22.8764       0.685321                 NaN            NaN
933.251        6010.10        71.8816                 NaN   4.54760        22.8785       0.692307                 NaN            NaN
935.271        6212.12        71.8503                 NaN   4.56936        22.8807       0.699679                 NaN            NaN
937.291        6414.14        71.8183                 NaN   4.59172        22.8828       0.707224                 NaN            NaN
939.312        6616.16        71.7845                 NaN   4.61543        22.8848       0.715236                 NaN            NaN
941.332        6818.18        71.7499                 NaN   4.63977        22.8869       0.723450                 NaN            NaN
943.352        7020.20        71.7128                 NaN   4.66606        22.8888       0.732321                 NaN            NaN
945.372        7222.22        71.6755                 NaN   4.69245        22.8908       0.741238                 NaN            NaN
947.392        7424.24        71.6367                 NaN   4.71996        22.8928       0.750532                 NaN            NaN
949.413        7626.26        71.5956                 NaN   4.74918        22.8948       0.760439                 NaN            NaN
951.433        7828.28        71.5522                 NaN   4.78009        22.8968       0.770902                 NaN            NaN
953.453        8030.30        71.5082                 NaN   4.81158        22.8986       0.781536                 NaN            NaN
955.473        8232.32        70.5574                 NaN   5.37206        21.7979        1.04470        1.22787                 NaN
957.493        8434.34        66.3936                 NaN   7.81290        16.7995        2.20101        6.79293                 NaN
959.514        8636.36        62.1452                 NaN   10.3029        11.7011        3.37984        12.4710                 NaN
961.534        8838.38        58.4492                 NaN   12.4828        7.29802        4.40271        17.3673                 NaN
963.554        9040.40        55.0923                 NaN   14.4739        3.32440        5.32979        21.7797                 NaN
965.574        9242.42        52.2534                 NaN   16.1586                 NaN   6.11199        25.4760                 NaN
967.594        9444.44        52.0943                 NaN   16.1324                 NaN   6.15193        25.6213                 NaN
969.615        9646.46        51.9022                 NaN   16.0889                 NaN   6.20093        25.8079                 NaN
971.635        9848.48        51.7007                 NaN   16.0536                 NaN   6.25227        25.9934                 NaN
973.655        10050.5        51.5036                 NaN   16.0160                 NaN   6.30249        26.1779                 NaN
975.675        10252.5        51.2980                 NaN   15.9770                 NaN   6.35493        26.3701                 NaN
977.695        10454.5        51.0861                 NaN   15.9362                 NaN   6.40906        26.5686                 NaN
979.716        10656.6        50.8558                 NaN   15.8913                 NaN   6.46813        26.7848                 NaN
981.736        10858.6        50.6354                 NaN   15.8514                 NaN   6.52447        26.9886                 NaN
983.756        11060.6        50.3975                 NaN   15.8061                 NaN   6.58552        27.2109                 NaN
985.776        11262.6        50.1562                 NaN   15.7618                 NaN   6.64745        27.4345                 NaN
987.796        11464.6        49.8932                 NaN   15.7139                 NaN   6.71515        27.6777                 NaN
989.817        11666.7        49.6201                 NaN   15.6653                 NaN   6.78551        27.9290                 NaN
991.837        11868.7        49.3530                 NaN   15.6203                 NaN   6.85422        28.1725                 NaN
993.857        12070.7        49.0685                 NaN   15.5728                 NaN   6.92756        28.4312                 NaN
995.877        12272.7        48.7681                 NaN   15.5255                 NaN   7.00506        28.7013                 NaN
997.897        12474.7        48.4499                 NaN   15.4789                 NaN   7.08727        28.9839                 NaN
999.918        12676.8        48.1234                 NaN   15.4343                 NaN   7.17163        29.2706                 NaN
1001.94        12878.8        47.7747                 NaN   15.3928                 NaN   7.26180        29.5707                 NaN
1003.96        13080.8        46.8565                 NaN   15.9040                 NaN   7.33799        29.5807       0.320864
1005.98        13282.8        44.7451                 NaN   17.6096                 NaN   7.38990        28.9519        1.30351
1008.00        13484.8        42.5461                 NaN   19.3949                 NaN   7.44461        28.2887        2.32568
1010.02        13686.9        40.6673                 NaN   20.9310                 NaN   7.52773        27.7490        3.12510
1012.04        13888.9        38.9123                 NaN   22.3747                 NaN   7.63170        27.2629        3.81837
1014.06        14090.9        37.2499                 NaN   23.7486                 NaN   7.75706        26.8237        4.42069
1016.08        14292.9        35.7467                 NaN   24.9890                 NaN   7.92736        26.4865        4.85043
1018.10        14494.9        33.9658                 NaN   26.4767                 NaN   8.08680        26.0256        5.44509
1020.12        14697.0        32.3399                 NaN   27.8257                 NaN   8.28222        25.6648        5.88743
1022.14        14899.0        30.6216                 NaN   29.2560                 NaN   8.51888        25.3092        6.29432
1024.16        15101.0        28.8267                 NaN   30.7427                 NaN   8.79412        24.9732        6.66324
1026.18        15303.0        26.8618                 NaN   32.3537                 NaN   9.13905        24.6655        6.98000
1028.20        15505.1        24.7171                 NaN   34.0944                 NaN   9.54138        24.3727        7.27435
1030.22        15707.1        22.5393                 NaN   35.8831                 NaN   9.93933        24.0445        7.59382
1032.24        15909.1        20.1198                 NaN   37.8368                 NaN   10.4226        23.7538        7.86708
1034.26        16111.1        17.3442                 NaN   40.0499                 NaN   11.0110        23.4818        8.11321
1036.28        16313.1        13.7170                 NaN   42.8678                 NaN   11.8360        23.2541        8.32504
1038.30        16515.2        10.6178                 NaN   45.3357                 NaN   12.5035        22.9645        8.57855
1040.32        16717.2        7.07958                 NaN   48.1148                 NaN   13.2942        22.6999        8.81151
1042.34        16919.2        2.84695                 NaN   51.3952                 NaN   14.2675        22.4533        9.03708
1044.36        17121.2                 NaN            NaN   53.5863                 NaN   14.9249        22.3081        9.18072
1046.38        17323.2                 NaN            NaN   53.5424                 NaN   14.9303        22.3642        9.16314
1048.40        17525.3                 NaN            NaN   53.5058                 NaN   14.9337        22.4111        9.14944
1050.42        17727.3                 NaN            NaN   53.4664                 NaN   14.9382        22.4619        9.13345
1052.44        17929.3                 NaN            NaN   53.4274                 NaN   14.9429        22.5124        9.11742
1054.46        18131.3                 NaN            NaN   53.3798                 NaN   14.9482        22.5718        9.10010
1056.48        18333.3                 NaN            NaN   53.3427                 NaN   14.9518        22.6192        9.08626
1058.50        18535.4                 NaN            NaN   53.2981                 NaN   14.9572        22.6759        9.06882
1060.52        18737.4                 NaN            NaN   53.2616                 NaN   14.9610        22.7230        9.05448
1062.54        18939.4                 NaN            NaN   53.2195                 NaN   14.9669        22.7775        9.03605
1064.56        19141.4                 NaN            NaN   53.1759                 NaN   14.9714        22.8321        9.02060
1066.58        19343.4                 NaN            NaN   53.1343                 NaN   14.9765        22.8854        9.00392
1068.60        19545.5                 NaN            NaN   53.0923                 NaN   14.9816        22.9390        8.98710
1070.62        19747.5                 NaN            NaN   53.0434                 NaN   14.9876        23.0002        8.96881
1072.64        19949.5                 NaN            NaN   53.0093                 NaN   14.9911        23.0443        8.95531
1074.67        20151.5                 NaN            NaN   52.9618                 NaN   14.9977        23.1048        8.93574
1076.69        20353.5                 NaN            NaN   52.9230                 NaN   15.0019        23.1543        8.92084
1078.71        20555.6                 NaN            NaN   52.8802                 NaN   15.0075        23.2091        8.90325
1080.73        20757.6                 NaN            NaN   52.8301                 NaN   15.0145        23.2723        8.88315
1082.75        20959.6                 NaN            NaN   52.7872                 NaN   15.0197        23.3267        8.86630
1084.77        21161.6                 NaN            NaN   52.7414                 NaN   15.0259        23.3850        8.84777
1086.79        21363.6                 NaN            NaN   52.6932                 NaN   15.0328        23.4463        8.82773
1088.81        21565.7                 NaN            NaN   52.6527                 NaN   15.0382        23.4985        8.81067
1090.83        21767.7                 NaN            NaN   52.6095                 NaN   15.0432        23.5529        8.79452
1092.85        21969.7                 NaN            NaN   52.5589                 NaN   15.0502        23.6165        8.77434
1094.87        22171.7                 NaN            NaN   52.5182                 NaN   15.0560        23.6693        8.75653
1096.89        22373.7                 NaN            NaN   52.4728                 NaN   15.0617        23.7265        8.73906
1098.91        22575.8                 NaN            NaN   52.4205                 NaN   15.0691        23.7921        8.71825
1100.93        22777.8                 NaN            NaN   52.3751                 NaN   15.0754        23.8499        8.69951
1102.95        22979.8                 NaN            NaN   52.3281                 NaN   15.0831        23.9108        8.67812
1104.97        23181.8                 NaN            NaN   52.2818                 NaN   15.0884        23.9683        8.66148
1106.99        23383.8                 NaN            NaN   52.2259                 NaN   15.0969        24.0385        8.63871
1109.01        23585.9                 NaN            NaN   52.1878                 NaN   15.1015        24.0873        8.62337
1111.03        23787.9                 NaN            NaN   52.1430                 NaN   15.1081        24.1448        8.60420
1113.05        23989.9                 NaN            NaN   52.0942                 NaN   15.1152        24.2066        8.58402
1115.07        24191.9                 NaN            NaN   52.0424                 NaN   15.1227        24.2718        8.56307
1117.09        24393.9                 NaN            NaN   51.9948                 NaN   15.1295        24.3320        8.54372
1119.11        24596.0                 NaN            NaN   51.9433                 NaN   15.1375        24.3974        8.52173
1121.13        24798.0                 NaN            NaN   51.8963                 NaN   15.1441        24.4567        8.50285
1123.15        25000.0                 NaN            NaN   51.8417                 NaN   15.1521        24.5252        8.48092
