|6.6.6
rudnick_2014_lower_crust_1.tab
1
T(K)
200.00000000000011
200.00000000000011
-1187928842
9
T(K)           P(bar)         Pl             Pl             Cpx            Opx            qtz            Gt             ky
923.150        5000.00        62.0975                 NaN   10.3847        24.4986        3.01919                 NaN            NaN
925.170        5202.02        62.0573                 NaN   10.4141        24.5007        3.02790                 NaN            NaN
927.190        5404.04        62.0167                 NaN   10.4437        24.5029        3.03671                 NaN            NaN
929.211        5606.06        61.9737                 NaN   10.4751        24.5050        3.04618                 NaN            NaN
931.231        5808.08        61.9301                 NaN   10.5071        24.5070        3.05583                 NaN            NaN
933.251        6010.10        61.8841                 NaN   10.5407        24.5091        3.06610                 NaN            NaN
935.271        6212.12        61.8358                 NaN   10.5760        24.5112        3.07700                 NaN            NaN
937.291        6414.14        61.7867                 NaN   10.6120        24.5132        3.08812                 NaN            NaN
939.312        6616.16        61.7348                 NaN   10.6500        24.5152        3.09997                 NaN            NaN
941.332        6818.18        61.6818                 NaN   10.6888        24.5172        3.11212                 NaN            NaN
943.352        7020.20        61.6249                 NaN   10.7307        24.5191        3.12529                 NaN            NaN
945.372        7222.22        61.5679                 NaN   10.7725        24.5211        3.13851                 NaN            NaN
947.392        7424.24        61.5086                 NaN   10.8160        24.5230        3.15231                 NaN            NaN
949.413        7626.26        61.4459                 NaN   10.8621        24.5250        3.16702                 NaN            NaN
951.433        7828.28        61.3797                 NaN   10.9107        24.5270        3.18262                 NaN            NaN
953.453        8030.30        61.3124                 NaN   10.9603        24.5288        3.19850                 NaN            NaN
955.473        8232.32        60.9493                 NaN   11.1823        24.1850        3.29637       0.387090                 NaN
957.493        8434.34        56.1006                 NaN   14.0261        18.5754        4.63618        6.66169                 NaN
959.514        8636.36        51.0923                 NaN   16.9621        12.7795        6.01915        13.1469                 NaN
961.534        8838.38        46.7306                 NaN   19.5385        7.78073        7.22009        18.7302                 NaN
963.554        9040.40        42.5277                 NaN   22.0275        2.98405        8.37554        24.0852                 NaN
965.574        9242.42        39.8239                 NaN   23.5966                 NaN   9.11572        27.4638                 NaN
967.594        9444.44        39.5888                 NaN   23.5787                 NaN   9.17488        27.6576                 NaN
969.615        9646.46        39.3558                 NaN   23.5615                 NaN   9.23348        27.8492                 NaN
971.635        9848.48        39.1106                 NaN   23.5433                 NaN   9.29533        28.0507                 NaN
973.655        10050.5        38.8551                 NaN   23.5247                 NaN   9.35990        28.2603                 NaN
975.675        10252.5        38.5882                 NaN   23.5054                 NaN   9.42750        28.4789                 NaN
977.695        10454.5        38.3122                 NaN   23.4850                 NaN   9.49750        28.7052                 NaN
979.716        10656.6        38.0110                 NaN   23.4633                 NaN   9.57420        28.9514                 NaN
981.736        10858.6        37.7222                 NaN   23.4443                 NaN   9.64757        29.1859                 NaN
983.756        11060.6        37.4091                 NaN   23.4238                 NaN   9.72739        29.4397                 NaN
985.776        11262.6        37.0909                 NaN   23.4036                 NaN   9.80852        29.6969                 NaN
987.796        11464.6        36.7414                 NaN   23.3829                 NaN   9.89794        29.9778                 NaN
989.817        11666.7        36.3775                 NaN   23.3645                 NaN   9.99112        30.2669                 NaN
991.837        11868.7        36.0208                 NaN   23.3472                 NaN   10.0823        30.5496                 NaN
993.857        12070.7        35.6395                 NaN   23.3319                 NaN   10.1801        30.8486                 NaN
995.877        12272.7        35.2122                 NaN   23.3198                 NaN   10.2899        31.1781                 NaN
997.897        12474.7        34.8030                 NaN   23.3111                 NaN   10.3948        31.4911                 NaN
999.918        12676.8        34.3535                 NaN   23.3090                 NaN   10.5103        31.8271                 NaN
1001.94        12878.8        32.1135                 NaN   25.0741                 NaN   10.5885        31.2304       0.993521
1003.96        13080.8        29.9434                 NaN   26.8316                 NaN   10.6852        30.6270        1.91285
1005.98        13282.8        27.5308                 NaN   28.7826                 NaN   10.7731        29.9384        2.97507
1008.00        13484.8        25.4397                 NaN   30.4941                 NaN   10.8917        29.3651        3.80941
1010.02        13686.9        23.7185                 NaN   31.9045                 NaN   11.0366        28.9403        4.40007
1012.04        13888.9        22.0891                 NaN   33.2433                 NaN   11.2042        28.5657        4.89777
1014.06        14090.9        20.5065                 NaN   34.5445                 NaN   11.3954        28.2300        5.32358
1016.08        14292.9        18.9809                 NaN   35.7869                 NaN   11.6366        27.9757        5.61991
1018.10        14494.9        17.2584                 NaN   37.2139                 NaN   11.8698        27.6247        6.03323
1020.12        14697.0        15.5963                 NaN   38.5719                 NaN   12.1427        27.3533        6.33579
1022.14        14899.0        13.7877                 NaN   40.0466                 NaN   12.4656        27.0867        6.61335
1024.16        15101.0        11.8527                 NaN   41.6124                 NaN   12.8352        26.8373        6.86245
1026.18        15303.0        9.65575                 NaN   43.3688                 NaN   13.2895        26.6096        7.07637
1028.20        15505.1        7.22046                 NaN   45.2965                 NaN   13.8137        26.3962        7.27308
1030.22        15707.1        4.77606                 NaN   47.2506                 NaN   14.3322        26.1560        7.48512
1032.24        15909.1        1.95055                 NaN   49.4726                 NaN   14.9642        25.9467        7.66594
1034.26        16111.1                 NaN            NaN   50.9818                 NaN   15.4138        25.8428        7.76171
1036.28        16313.1                 NaN            NaN   50.9073                 NaN   15.4257        25.9361        7.73088
1038.30        16515.2                 NaN            NaN   50.8429                 NaN   15.4379        26.0197        7.69952
1040.32        16717.2                 NaN            NaN   50.7758                 NaN   15.4505        26.1065        7.66727
1042.34        16919.2                 NaN            NaN   50.7100                 NaN   15.4618        26.1905        7.63768
1044.36        17121.2                 NaN            NaN   50.6393                 NaN   15.4755        26.2819        7.60330
1046.38        17323.2                 NaN            NaN   50.5716                 NaN   15.4885        26.3695        7.57047
1048.40        17525.3                 NaN            NaN   50.5042                 NaN   15.5000        26.4553        7.54048
1050.42        17727.3                 NaN            NaN   50.4428                 NaN   15.5112        26.5349        7.51112
1052.44        17929.3                 NaN            NaN   50.3676                 NaN   15.5264        26.6320        7.47394
1054.46        18131.3                 NaN            NaN   50.2894                 NaN   15.5405        26.7309        7.43915
1056.48        18333.3                 NaN            NaN   50.2354                 NaN   15.5503        26.8018        7.41251
1058.50        18535.4                 NaN            NaN   50.1611                 NaN   15.5643        26.8967        7.37786
1060.52        18737.4                 NaN            NaN   50.0911                 NaN   15.5773        26.9864        7.34512
1062.54        18939.4                 NaN            NaN   50.0083                 NaN   15.5949        27.0934        7.30334
1064.56        19141.4                 NaN            NaN   49.9319                 NaN   15.6085        27.1900        7.26958
1066.58        19343.4                 NaN            NaN   49.8614                 NaN   15.6219        27.2805        7.23615
1068.60        19545.5                 NaN            NaN   49.7872                 NaN   15.6361        27.3754        7.20126
1070.62        19747.5                 NaN            NaN   49.7109                 NaN   15.6506        27.4728        7.16568
1072.64        19949.5                 NaN            NaN   49.6333                 NaN   15.6655        27.5718        7.12948
1074.67        20151.5                 NaN            NaN   49.5595                 NaN   15.6798        27.6664        7.09425
1076.69        20353.5                 NaN            NaN   49.4843                 NaN   15.6943        27.7626        7.05879
1078.71        20555.6                 NaN            NaN   49.4111                 NaN   15.7083        27.8564        7.02425
1080.73        20757.6                 NaN            NaN   49.3277                 NaN   15.7247        27.9624        6.98521
1082.75        20959.6                 NaN            NaN   49.2330                 NaN   15.7435        28.0821        6.94134
1084.77        21161.6                 NaN            NaN   49.1532                 NaN   15.7591        28.1840        6.90370
1086.79        21363.6                 NaN            NaN   49.0792                 NaN   15.7734        28.2786        6.86875
1088.81        21565.7                 NaN            NaN   49.0035                 NaN   15.7889        28.3763        6.83125
1090.83        21767.7                 NaN            NaN   48.9254                 NaN   15.8030        28.4748        6.79681
1092.85        21969.7                 NaN            NaN   48.8444                 NaN   15.8189        28.5780        6.75865
1094.87        22171.7                 NaN            NaN   48.7658                 NaN   15.8348        28.6788        6.72066
1096.89        22373.7                 NaN            NaN   48.6769                 NaN   15.8517        28.7908        6.68058
1098.91        22575.8                 NaN            NaN   48.5958                 NaN   15.8676        28.8939        6.64273
1100.93        22777.8                 NaN            NaN   48.5000                 NaN   15.8863        29.0146        6.59912
1102.95        22979.8                 NaN            NaN   48.4291                 NaN   15.9012        29.1068        6.56287
1104.97        23181.8                 NaN            NaN   48.3407                 NaN   15.9178        29.2178        6.52371
1106.99        23383.8                 NaN            NaN   48.2592                 NaN   15.9339        29.3216        6.48535
1109.01        23585.9                 NaN            NaN   48.1674                 NaN   15.9517        29.4373        6.44357
1111.03        23787.9                 NaN            NaN   48.0813                 NaN   15.9694        29.5473        6.40201
1113.05        23989.9                 NaN            NaN   47.9876                 NaN   15.9885        29.6661        6.35782
1115.07        24191.9                 NaN            NaN   47.9052                 NaN   16.0038        29.7699        6.32111
1117.09        24393.9                 NaN            NaN   47.8216                 NaN   16.0204        29.8762        6.28170
1119.11        24596.0                 NaN            NaN   47.7470                 NaN   16.0356        29.9723        6.24518
1121.13        24798.0                 NaN            NaN   47.6457                 NaN   16.0554        30.0993        6.19958
1123.15        25000.0                 NaN            NaN   47.5591                 NaN   16.0721        30.2087        6.16008
