|6.6.6
zhang_2022_cd07-2_1.tab
1
T(K)
500.00000000000011
500.00000000000011
1975780598
10
T(K) P(bar) O Pl Pl Cpx Opx Gt qtz ky
773.150 25000.0 NaN NaN NaN 49.1981 NaN 39.1111 11.6908 NaN
778.201 24798.0 NaN NaN NaN 49.2097 NaN 39.0964 11.6938 NaN
783.251 24596.0 NaN NaN NaN 49.2238 NaN 39.0793 11.6969 NaN
788.302 24393.9 NaN NaN NaN 49.2383 NaN 39.0616 11.7001 NaN
793.352 24191.9 NaN NaN NaN 49.2538 NaN 39.0430 11.7032 NaN
798.403 23989.9 NaN NaN NaN 49.2703 NaN 39.0234 11.7064 NaN
803.453 23787.9 NaN NaN NaN 49.2878 NaN 39.0026 11.7096 NaN
808.504 23585.9 NaN NaN NaN 49.3063 NaN 38.9809 11.7128 NaN
813.554 23383.8 NaN NaN NaN 49.3252 NaN 38.9587 11.7161 NaN
818.605 23181.8 NaN NaN NaN 49.3462 NaN 38.9344 11.7194 NaN
823.655 22979.8 NaN NaN NaN 49.3690 NaN 38.9084 11.7227 NaN
828.706 22777.8 NaN NaN NaN 49.3918 NaN 38.8822 11.7260 NaN
833.756 22575.8 NaN NaN NaN 49.4167 NaN 38.8539 11.7294 NaN
838.807 22373.7 NaN NaN NaN 49.4425 NaN 38.8247 11.7328 NaN
843.857 22171.7 NaN NaN NaN 49.4702 NaN 38.7936 11.7362 NaN
848.908 21969.7 NaN NaN NaN 49.4989 NaN 38.7615 11.7396 NaN
853.958 21767.7 NaN NaN NaN 49.5294 NaN 38.7275 11.7431 NaN
859.009 21565.7 NaN NaN NaN 49.5610 NaN 38.6923 11.7467 NaN
864.059 21363.6 NaN NaN NaN 49.5949 NaN 38.6548 11.7502 NaN
869.110 21161.6 NaN NaN NaN 49.6310 NaN 38.6152 11.7538 NaN
874.160 20959.6 NaN NaN NaN 49.6684 NaN 38.5742 11.7574 NaN
879.211 20757.6 NaN NaN NaN 49.7079 NaN 38.5311 11.7611 NaN
884.261 20555.6 NaN NaN NaN 49.7506 NaN 38.4847 11.7648 NaN
889.312 20353.5 NaN NaN NaN 49.7957 NaN 38.4359 11.7685 NaN
894.362 20151.5 NaN NaN NaN 49.8415 NaN 38.3863 11.7722 NaN
899.413 19949.5 NaN NaN NaN 49.8873 NaN 38.3367 11.7760 NaN
904.463 19747.5 NaN NaN NaN 49.9385 NaN 38.2816 11.7799 NaN
909.514 19545.5 NaN NaN NaN 49.9913 NaN 38.2250 11.7838 NaN
914.564 19343.4 NaN NaN NaN 50.0460 NaN 38.1663 11.7877 NaN
919.615 19141.4 NaN NaN NaN 50.1045 NaN 38.1039 11.7917 NaN
924.665 18939.4 NaN NaN NaN 50.1648 NaN 38.0395 11.7957 NaN
929.716 18737.4 NaN NaN NaN 50.2299 NaN 37.9704 11.7998 NaN
934.766 18535.4 NaN NaN NaN 50.2936 NaN 37.9025 11.8039 NaN
939.817 18333.3 NaN NaN NaN 50.3604 NaN 37.8315 11.8081 NaN
944.867 18131.3 NaN NaN NaN 50.4304 NaN 37.7573 11.8123 NaN
949.918 17929.3 NaN NaN NaN 50.5072 NaN 37.6762 11.8166 NaN
954.968 17727.3 NaN NaN NaN 50.5833 NaN 37.5957 11.8210 NaN
960.019 17525.3 NaN NaN NaN 50.6653 NaN 37.5093 11.8254 NaN
965.069 17323.2 NaN NaN NaN 50.7454 NaN 37.4246 11.8299 NaN
970.120 17121.2 NaN NaN NaN 50.8328 NaN 37.3327 11.8345 NaN
975.170 16919.2 NaN NaN NaN 50.9208 NaN 37.2400 11.8392 NaN
980.221 16717.2 NaN NaN NaN 51.0111 NaN 37.1449 11.8440 NaN
985.271 16515.2 NaN NaN NaN 51.1060 NaN 37.0452 11.8488 NaN
990.322 16313.1 NaN NaN NaN 51.2066 NaN 36.9397 11.8537 NaN
995.372 16111.1 NaN NaN NaN 51.3033 NaN 36.8379 11.8588 NaN
1000.42 15909.1 NaN NaN NaN 51.4068 NaN 36.7292 11.8640 NaN
1005.47 15707.1 NaN NaN NaN 51.5136 NaN 36.6171 11.8693 NaN
1010.52 15505.1 NaN 2.43870 NaN 49.8567 NaN 36.4287 11.2759 NaN
1015.57 15303.0 NaN 6.17528 NaN 47.2723 NaN 36.1892 10.3632 NaN
1020.62 15101.0 NaN 8.89504 NaN 45.4480 NaN 35.9573 9.69964 NaN
1025.68 14899.0 NaN 11.0729 NaN 44.0388 NaN 35.7195 9.16869 NaN
1030.73 14697.0 NaN 12.8454 NaN 42.9340 NaN 35.4835 8.73708 NaN
1035.78 14494.9 NaN 14.3383 NaN 42.0539 NaN 35.2339 8.37387 NaN
1040.83 14292.9 NaN 15.6119 NaN 41.3214 NaN 35.0022 8.06455 NaN
1045.88 14090.9 NaN 16.7180 NaN 40.7306 NaN 34.7552 7.79621 NaN
1050.93 13888.9 NaN 17.7036 NaN 40.2280 NaN 34.5110 7.55747 NaN
1055.98 13686.9 NaN 18.5854 NaN 39.8079 NaN 34.2625 7.34424 NaN
1061.03 13484.8 NaN 19.3853 NaN 39.4530 NaN 34.0105 7.15115 NaN
1066.08 13282.8 NaN 20.1178 NaN 39.1445 NaN 33.7630 6.97476 NaN
1071.13 13080.8 NaN 20.7914 NaN 38.8873 NaN 33.5083 6.81291 NaN
1076.18 12878.8 NaN 21.4178 NaN 38.6627 NaN 33.2566 6.66286 NaN
1081.23 12676.8 NaN 21.9991 NaN 38.4679 NaN 33.0087 6.52418 NaN
1086.28 12474.7 NaN 22.5430 NaN 38.3041 NaN 32.7579 6.39502 NaN
1091.33 12272.7 NaN 23.0590 NaN 38.1568 NaN 32.5111 6.27319 NaN
1096.38 12070.7 NaN 23.5394 NaN 38.0296 NaN 32.2701 6.16082 NaN
1101.43 11868.7 NaN 23.9983 NaN 37.9221 NaN 32.0249 6.05473 NaN
1106.48 11666.7 NaN 24.4251 NaN 37.8198 NaN 31.7966 5.95846 NaN
1111.53 11464.6 NaN 24.8339 NaN 37.7418 NaN 31.5535 5.87082 NaN
1116.58 11262.6 NaN 25.2185 NaN 37.6625 NaN 31.3210 5.79796 NaN
1121.63 11060.6 NaN 26.0932 NaN 37.1126 0.687066 30.5354 5.57176 NaN
1126.69 10858.6 NaN 27.3578 NaN 36.2459 1.88985 29.2630 5.24345 NaN
1131.74 10656.6 NaN 28.9413 NaN 35.1975 3.47615 27.5536 4.83144 NaN
1136.79 10454.5 NaN 30.8688 NaN 33.9529 5.46980 25.3793 4.32924 NaN
1141.84 10252.5 NaN 33.4064 NaN 32.3599 8.18005 22.3866 3.66704 NaN
1146.89 10050.5 NaN 37.0133 NaN 30.1590 12.1372 17.9661 2.72442 NaN
1151.94 9848.48 NaN 42.6934 NaN 26.7901 18.5065 10.7721 1.23790 NaN
1156.99 9646.46 NaN 47.4209 NaN 24.0039 23.8672 4.70802 NaN NaN
1162.04 9444.44 NaN 47.4137 NaN 24.0247 24.0552 4.50641 NaN NaN
1167.09 9242.42 NaN 47.4063 NaN 24.0464 24.2444 4.30296 NaN NaN
1172.14 9040.40 NaN 47.3984 NaN 24.0698 24.4430 4.08878 NaN NaN
1177.19 8838.38 1.68792 50.6012 NaN 22.1815 25.5294 NaN NaN NaN
1182.24 8636.36 1.77238 50.7699 NaN 22.0416 25.4161 NaN NaN NaN
1187.29 8434.34 1.85028 50.9255 NaN 21.9110 25.3132 NaN NaN NaN
1192.34 8232.32 1.92583 51.0764 NaN 21.7835 25.2142 NaN NaN NaN
1197.39 8030.30 1.99653 51.2177 NaN 21.6628 25.1230 NaN NaN NaN
1202.44 7828.28 2.06215 51.3488 NaN 21.5491 25.0399 NaN NaN NaN
1207.49 7626.26 2.12541 51.4753 NaN 21.4387 24.9605 NaN NaN NaN
1212.54 7424.24 2.18463 51.5937 NaN 21.3337 24.8879 NaN NaN NaN
1217.59 7222.22 2.23952 51.7035 NaN 21.2349 24.8221 NaN NaN NaN
1222.64 7020.20 2.29228 51.8091 NaN 21.1386 24.7600 NaN NaN NaN
1227.70 6818.18 2.34485 51.9142 NaN 21.0421 24.6988 NaN NaN NaN
1232.75 6616.16 2.39341 52.0114 NaN 20.9511 24.6440 NaN NaN NaN
1237.80 6414.14 2.43959 52.1038 NaN 20.8631 24.5934 NaN NaN NaN
1242.85 6212.12 2.48243 52.1896 NaN 20.7797 24.5483 NaN NaN NaN
1247.90 6010.10 2.52391 52.2726 NaN 20.6977 24.5058 NaN NaN NaN
1252.95 5808.08 2.56463 52.3541 NaN 20.6163 24.4650 NaN NaN NaN
1258.00 5606.06 2.60313 52.4312 NaN 20.5375 24.4282 NaN NaN NaN
1263.05 5404.04 2.63990 52.5048 NaN 20.4607 24.3946 NaN NaN NaN
1268.10 5202.02 2.67475 52.5746 NaN 20.3864 24.3643 NaN NaN NaN
1273.15 5000.00 2.70940 52.6440 NaN 20.3115 24.3351 NaN NaN NaN
